RADIUS
5878.4570687585565
1458.9514927401217
9.620919018544008
4.979314624119785
5583.350606768483
1008.8491887587577
1394.6450171029753
17.65334488594817
4524.90556958798
1717.06479648346
1583.350870346638
6642.845983847175
2573.7524292695903
1598.9147150009385
3.8595177942542946
3.873253904048981
15.102074117323903
1480.7912618069627
445.28547480042414
116.63277481139417
258.1719886054692
1009.8954751654327
3838.8703190385113
719.4987798264735
2291.2467769892564
12.766056191953655
323.16059854220345
55.132213470564366
713.3499969690935
622.4390290507525
1903.482376568364
2087.8263466587982
5452.490031172256
1740.842937942376
10.49801068652818
885.3234243798388
3145.787493651736
869.0979676909525
9.748108431526441
8052.950546208743
64.97695730258044
6169.754934827914
436.6638841775142
135.47905262275376
5777.02650933138
4324.19108443184
3141.447991681201
7816.38234111448
481.43775130775686
17.69558205970282
2370.464617900401
2.9149086666340875
653.4997351491678
2774.3287432109296
45.01468549423883
10.204623382799571
782.2494298335943
2356.4457355776603
120.80299439486424
1065.5733429722877
871.8776381746424
8.403189993066727
3.903843825143011
234.1061222323501
5030.390965524025
269.2532206598678
13.359859896322192
8725.353083646814
1781.2282055936942
608.1286013299886
4.481784659290779
3952.238018847171
6163.709906932259
6361.276322318316
8549.670984171189
2009.2993607367919
2436.215267595397
9.246913379946566
14.015450508330973
1229.5771184206305
2018.340916958965
36.15710316627891
678.2029713027162
1892.311404470086
228.162840194567
1993.8897520798223
1409.7039489247577
355.4373879302449
12.755737000281565
45.60215910481747
5469.2163116725405
8.080308443800087
412.49640210159544
3327.849033698102
5.037707880816485
1590.130945539725
2.9954929717774927
6.982349766176632
591.3713023258426
2.8305948275974
1181.5131866048034
9.025858482311316
1363.6043798441774
2.445167041857812
9.416638258500463
180.66660359618638
2.9957379301060034
175.1071597791835
511.4538302946855
1209.9426723505592
2944.3588003574705
1246.8015673479479
4183.028505258053
4302.481992672086
2131.9001559506314
3648.030547430006
529.5635218464824
5.442565445952514
12.050399067245635
272.21629408130303
658.8734539935986
115.03141570792025
261.7826678089834
3.243317589374368
11.377882306823166
1958.6101108483406
65.00371143625334
1200.520592449402
271.79973675851164
305.21597954569097
14.920009771509493
355.6564301768708
1830.1944206227522
6.303801940918039
14.683172516010094
4222.5826421168495
1479.8755770678945
154.00129597180018
911.9174211689271
8.541523322531656
355.7499818243798
224.82785663663702
LIST TOTAL MOVEMENT
199585.8694256913
113836.3657573431
493.6232971717758
48.36010969453979
75289.9411906733
14683.022140051035
26114.279725517878
600.7622302667485
31504.841444465572
20176.949754080546
10456.103332858731
22450.32471937579
47847.74735688903
41171.622465997214
126.6596972421163
70.49460585099385
1448.660293590768
38688.83130894832
14763.343711605681
12655.176366533266
4202.930403832384
30851.640231694408
33764.09622170453
27015.791501095202
76845.30659117365
896.3523728123209
12689.453592858916
1824.4793765014224
25604.184205902427
7032.225922649439
60257.89769305161
77815.17949897601
87427.4450856977
25455.7050918742
103.366986352695
26477.706610618305
56310.87865675439
37326.18578027479
1983.5677948261534
237763.81237694848
2842.080813272012
115986.25683791659
11931.261392256347
6195.397717224862
28590.500625223318
13851.498623260648
75649.28049676916
166878.64855980713
33705.46494765921
2857.4843949892893
16222.254949071457
54.800892809185214
11957.48265476822
53146.77480278152
2033.2080749622564
1743.5726109457894
24377.380970808466
6439.036901081655
4778.947522415591
22374.75442869779
17768.550430675852
809.1745087661226
393.9667353120169
10726.658999470515
70212.47659852885
9220.043071178034
1991.9151979277422
72543.76935668074
43697.34484683557
13125.123648733188
25.756046922102055
48927.568950388595
95639.78992449047
23691.493892013645
144697.69924277137
14933.432154891712
35016.30343725927
523.7968006170548
4482.843547798922
10803.46715687438
51217.59740756055
705.6344191818263
15888.645557235379
40986.12289442934
3607.725247787473
50178.63856193379
17676.16847561218
9344.116110374775
396.7708613404376
831.1194350959861
87864.1529074642
870.772422775801
1033.6848326246532
24228.203056958217
176.46027006791513
23554.281022914147
198.0489392842146
763.6688894997317
2593.462238418027
163.2051899782391
47625.863831067945
498.1952975267277
58847.31049497093
11.735049971026315
378.9290799193348
2589.678373843903
217.93072458088193
20079.02883588891
6875.759312829576
16092.72665947224
73654.82609118037
29825.31306379141
9174.178794278721
86821.28312451256
28577.922736528068
20676.04698422901
9639.526066289975
292.3080372194444
595.9836225107662
42147.328259240414
19123.321391025376
21568.433874386687
7306.882485112497
131.43274140627236
370.8998782418389
13177.933380968509
1698.4485692102937
77814.73306983987
7503.147032409523
8190.580684945431
1643.8035258384853
4242.04020107463
24488.322988768352
404.21382857398345
1692.6925651842482
38597.0983953005
18732.239658364477
7239.935982632793
10381.285395194765
396.31645863455014
7472.827382859252
9008.972625249044
NUMBER OF MESSAGES
156.0
182.0
54.0
247.0
74.0
58.0
197.0
37.0
59.0
76.0
41.0
96.0
580.0
311.0
77.0
24.0
98.0
50.0
199.0
205.0
158.0
493.0
18.0
217.0
81.0
74.0
226.0
177.0
147.0
116.0
227.0
703.0
141.0
36.0
13.0
187.0
47.0
331.0
224.0
416.0
268.0
205.0
140.0
118.0
139.0
24.0
199.0
102.0
384.0
314.0
85.0
22.0
111.0
157.0
64.0
192.0
217.0
117.0
149.0
145.0
171.0
148.0
135.0
114.0
179.0
55.0
234.0
240.0
303.0
185.0
4.0
164.0
534.0
73.0
215.0
50.0
121.0
67.0
410.0
162.0
92.0
32.0
95.0
365.0
160.0
1426.0
200.0
232.0
29.0
33.0
121.0
101.0
5.0
73.0
61.0
124.0
65.0
162.0
167.0
82.0
222.0
56.0
218.0
4.0
72.0
107.0
101.0
146.0
50.0
44.0
196.0
440.0
13.0
92.0
43.0
45.0
230.0
142.0
96.0
232.0
147.0
345.0
246.0
53.0
64.0
68.0
72.0
177.0
90.0
216.0
145.0
109.0
73.0
81.0
106.0
98.0
107.0
88.0
307.0
55.0
89.0
267.0
NUMBER OF DISPLACEMENTS
31.0
47.0
0.0
0.0
18.0
13.0
18.0
1.0
6.0
10.0
21.0
12.0
12.0
29.0
0.0
0.0
0.0
16.0
7.0
48.0
5.0
14.0
4.0
19.0
12.0
0.0
65.0
2.0
10.0
3.0
37.0
213.0
13.0
19.0
0.0
2.0
24.0
18.0
3.0
211.0
2.0
124.0
4.0
17.0
4.0
5.0
23.0
42.0
47.0
1.0
13.0
0.0
7.0
21.0
9.0
1.0
42.0
2.0
7.0
18.0
7.0
0.0
0.0
32.0
22.0
14.0
1.0
42.0
72.0
13.0
0.0
15.0
59.0
1.0
34.0
20.0
13.0
2.0
4.0
6.0
31.0
2.0
15.0
12.0
7.0
82.0
6.0
34.0
0.0
2.0
39.0
0.0
1.0
11.0
0.0
10.0
0.0
0.0
2.0
0.0
25.0
0.0
46.0
0.0
2.0
3.0
0.0
58.0
8.0
7.0
18.0
23.0
5.0
4.0
2.0
15.0
14.0
0.0
1.0
117.0
6.0
101.0
15.0
0.0
0.0
3.0
3.0
43.0
29.0
4.0
0.0
1.0
4.0
0.0
1.0
22.0
27.0
23.0
8.0
0.0
11.0
5.0
DISPLACEMENTS PER DAY MEDIAN
3.5714285714285716
8.4
2.0
2.0
4.25
12.0
6.0
1.0
2.5
4.5
21.0
3.6666666666666665
2.5
5.2
3.125
3.68918918918919
42.962962962963
1.8333333333333333
3.5
24.0
2.0
4.0
1.5
5.666666666666667
3.3333333333333335
10.7764705882353
16.0
1.0
3.0
3.0
6.8
52.75
6.0
9.0
7.69620253164557
1.0
3.1666666666666665
4.25
1.5
52.0
2.0
30.25
1.5
2.8
1.5
5.0
4.2
10.0
15.333333333333334
1.0
3.3333333333333335
10.5
3.5
10.0
4.5
1.0
8.2
1.0
2.0
5.333333333333333
1.6666666666666667
2.04761904761905
2.70588235294118
8.0
7.0
14.0
1.0
10.0
13.8
4.0
2.05128205128205
3.5
19.0
6.93506493506494
8.5
9.0
6.0
2.0
2.0
1.3333333333333333
7.5
1.0
7.0
3.6666666666666665
3.0
20.25
2.5
11.0
2.65714285714286
2.0
9.0
1.67605633802817
1.0
5.5
3.03571428571429
4.5
2.11111111111111
1.68965517241379
1.0
5.19607843137255
4.4
8.31818181818182
15.0
6.71014492753623
2.0
3.0
1.83333333333333
28.5
1.25
2.0
3.75
7.666666666666667
5.0
1.5
2.0
7.5
7.0
0.0
1.0
38.0
3.0
20.0
3.5
5.19672131147541
2.52941176470588
1.0
1.0
7.8
13.5
1.5
2.17647058823529
1.0
4.0
6.56410256410256
1.0
10.5
13.0
11.5
3.0
3.25
11.0
2.5
DISTANCE DISPLACEMENT MEDIAN
6393.445629279734
2407.687468921666
205.52305414676
6504.30066781961
4146.547857142812
1078.9193052612427
1352.6024675944386
52.322053580159206
5205.357204933272
1987.581040876286
492.195018870016
1787.8701740198521
3512.4020215384494
1357.2373701533857
4672.40961081894
1297.1410091464
501.915157578245
2402.0090076141055
2035.044532230478
219.12271056906957
620.8262042753337
1956.0540032918339
8412.939411336403
1386.3677044766296
6356.6450826251175
863.04651498908
178.75956730410087
424.956647176919
2438.157261636186
2162.7343136887407
1596.6187020796726
339.17358785089874
6650.900545169929
1329.641706317254
1530.98337120262
12126.49509129753
2340.9417265880115
1953.9895670065182
51.613629240225094
1119.484842567094
1062.7486220669225
926.6265130465462
2664.9781829465073
300.3501434127853
6880.987483024837
2752.6164696682963
3152.6467393742723
3964.5904157385694
654.131455536518
50.15817247150995
1164.2167211210735
1344.70879454467
1655.7961109664168
2475.816747446552
129.3008859295939
46.13595710659189
539.9771100160933
3059.340167215643
573.8054676061957
1153.5539873541748
2295.4376670676234
1959.05262186813
1303.03939077356
306.34790994402516
3109.210146543055
647.3617267968177
52.86657996186402
1695.1562861300922
596.4606932732773
836.6625460929116
929.338375952569
3196.907384391937
1542.4336953557731
23163.141542211586
4213.113287843582
731.2786352728064
2614.911784416945
54.66388199119722
57.1761369409101
1513.6552813323349
1632.2478786666318
196.5959971315334
943.5121919848109
3118.4509868813443
233.00562796068553
565.1775629160078
2663.2275241711664
225.87596346776706
432.078272159319
255.5876781001559
2225.1783965067348
1317.9333747326
1031.3564401050692
2139.63955135342
3343.71493402815
2252.444461789716
1006.97510077707
2917.17802639144
620.1249807919709
4287.77428106279
1830.6594663568746
1023.61534359855
1250.3982120232563
2451.12481791489
57.54742388239371
686.6880293260538
1500.54582540801
321.6764740720279
805.3180232127768
2248.483638720293
4047.0927877957065
1240.6704897439856
1822.8473188335527
21649.40750098284
14143.140837373288
1370.5460995226772
507.3336175710322
24810.5835175783
53.57088575762011
350.7333225576828
3020.0983794749886
194.9560959893758
299.13977120288865
715.006451859485
3371.1402096823
4192.067379235977
380.42710344618064
1795.086998180031
254.72274287054515
1696.9243083107488
782.44606214253
3732.3396969509113
5967.192990885736
1077.39623271132
54.31558653799193
1713.2660383522298
651.6753861388389
282.91562874536476
1046.7019930581105
1511.3199682593
601.4025649276945
1650.9796437851728
MEDIAN PRICES
0.0
0.0
0.0
0.0
0.0
0.0
0.0
0.0
0.0
0.0
0.0
0.0
0.0
0.0
0.0
0.0
0.0
0.0
0.0
0.0
0.0
0.0
0.0
0.0
0.0
0.0
0.0
0.0
0.0
0.0
0.0
0.0
0.0
0.0
0.0
0.0
0.0
0.0
0.0
0.0
0.0
0.0
0.0
0.0
0.0
0.0
0.0
0.0
0.0
0.0
0.0
0.0
0.0
0.0
0.0
0.0
0.0
0.0
0.0
0.0
0.0
0.0
0.0
0.0
0.0
0.0
0.0
0.0
0.0
0.0
0.0
0.0
0.0
0.0
0.0
0.0
0.0
0.0
0.0
0.0
0.0
0.0
0.0
0.0
0.0
0.0
0.0
0.0
0.0
0.0
0.0
0.0
0.0
0.0
0.0
0.0
0.0
0.0
0.0
0.0
0.0
0.0
0.0
0.0
0.0
0.0
0.0
0.0
0.0
0.0
0.0
0.0
0.0
0.0
0.0
0.0
0.0
0.0
0.0
0.0
0.0
0.0
0.0
0.0
0.0
0.0
0.0
0.0
0.0
0.0
0.0
0.0
0.0
0.0
0.0
0.0
0.0
0.0
0.0
0.0
0.0
0.0
---
--------------HERE WE START THE SOCIAL VARIABLES--------------
age_structure_all_ages
1175.0
1440.0
2168.0
2137.0
1631.0
1403.0
1321.0
2098.0
1812.0
1826.0
1516.0
2166.0
1558.0
1490.0
1792.0
1985.0
2723.0
1713.0
1471.0
1715.0
1905.0
1603.0
1849.0
1704.0
1805.0
1750.0
2046.0
1880.0
1679.0
1692.0
1622.0
1659.0
1812.0
1546.0
1874.0
1728.0
1824.0
1937.0
1453.0
1607.0
1932.0
1547.0
2487.0
2147.0
1697.0
1508.0
2178.0
2087.0
1492.0
1956.0
1832.0
1560.0
2123.0
1490.0
1606.0
1531.0
1579.0
2380.0
2003.0
1817.0
1475.0
1627.0
1472.0
2112.0
1748.0
1594.0
1535.0
1302.0
1776.0
2082.0
1714.0
1699.0
1678.0
1553.0
1553.0
1512.0
1462.0
2383.0
1779.0
1431.0
1299.0
3081.0
2032.0
1372.0
1979.0
1813.0
1769.0
1555.0
1590.0
2912.0
1588.0
2514.0
1495.0
1449.0
1694.0
1816.0
1614.0
1571.0
1594.0
1857.0
1780.0
1489.0
1787.0
2370.0
1595.0
1630.0
2193.0
1605.0
1630.0
1462.0
2466.0
1628.0
1869.0
2055.0
1814.0
1320.0
1628.0
1692.0
1706.0
1667.0
2329.0
2000.0
1558.0
2319.0
1906.0
1436.0
2040.0
1647.0
1642.0
2001.0
1646.0
1598.0
1677.0
1135.0
1501.0
2259.0
1460.0
1586.0
1386.0
1847.0
1386.0
1904.0
---
age_structure_0_15
66.0
243.0
426.0
245.0
283.0
142.0
115.0
340.0
367.0
310.0
275.0
376.0
463.0
285.0
407.0
497.0
896.0
483.0
298.0
365.0
400.0
313.0
505.0
324.0
418.0
260.0
303.0
393.0
197.0
266.0
128.0
533.0
367.0
277.0
417.0
386.0
401.0
328.0
312.0
276.0
338.0
218.0
293.0
222.0
334.0
282.0
412.0
473.0
343.0
332.0
128.0
365.0
530.0
278.0
443.0
241.0
182.0
342.0
553.0
495.0
308.0
274.0
340.0
608.0
492.0
312.0
338.0
157.0
673.0
284.0
365.0
396.0
353.0
303.0
310.0
117.0
275.0
136.0
248.0
239.0
235.0
497.0
241.0
248.0
523.0
397.0
500.0
339.0
448.0
696.0
283.0
666.0
243.0
298.0
417.0
412.0
294.0
383.0
278.0
495.0
448.0
343.0
445.0
504.0
407.0
436.0
311.0
426.0
242.0
234.0
303.0
389.0
344.0
486.0
329.0
298.0
284.0
282.0
351.0
237.0
423.0
367.0
306.0
477.0
517.0
257.0
466.0
334.0
360.0
373.0
372.0
360.0
365.0
276.0
266.0
414.0
285.0
256.0
235.0
284.0
235.0
543.0
---
age_structure_16_29
288.0
273.0
583.0
664.0
313.0
436.0
444.0
906.0
177.0
435.0
326.0
780.0
281.0
409.0
577.0
457.0
537.0
273.0
252.0
432.0
438.0
430.0
200.0
238.0
295.0
398.0
596.0
510.0
607.0
427.0
507.0
363.0
177.0
351.0
587.0
436.0
304.0
375.0
248.0
259.0
330.0
249.0
1275.0
716.0
280.0
522.0
581.0
506.0
302.0
424.0
923.0
362.0
452.0
246.0
290.0
230.0
464.0
736.0
570.0
375.0
356.0
512.0
210.0
520.0
329.0
307.0
190.0
514.0
362.0
451.0
327.0
257.0
256.0
331.0
305.0
460.0
337.0
1377.0
474.0
260.0
291.0
1114.0
536.0
195.0
393.0
448.0
332.0
353.0
295.0
632.0
392.0
566.0
186.0
313.0
363.0
344.0
465.0
313.0
417.0
531.0
426.0
303.0
381.0
576.0
358.0
366.0
735.0
401.0
351.0
249.0
885.0
326.0
361.0
419.0
557.0
403.0
207.0
239.0
330.0
382.0
721.0
644.0
338.0
617.0
397.0
201.0
538.0
303.0
352.0
555.0
212.0
246.0
289.0
232.0
444.0
782.0
407.0
383.0
302.0
479.0
302.0
557.0
---
age_structure_30_44
449.0
372.0
628.0
748.0
387.0
473.0
533.0
363.0
377.0
542.0
408.0
633.0
398.0
376.0
442.0
559.0
751.0
425.0
320.0
410.0
453.0
459.0
408.0
300.0
573.0
603.0
473.0
602.0
518.0
515.0
512.0
431.0
377.0
456.0
458.0
357.0
511.0
507.0
396.0
262.0
477.0
215.0
664.0
766.0
365.0
479.0
537.0
616.0
403.0
581.0
576.0
424.0
464.0
389.0
336.0
204.0
441.0
820.0
452.0
386.0
417.0
432.0
351.0
466.0
395.0
381.0
341.0
400.0
400.0
782.0
416.0
469.0
411.0
380.0
323.0
568.0
472.0
473.0
519.0
251.0
321.0
830.0
779.0
246.0
443.0
484.0
419.0
375.0
420.0
816.0
386.0
629.0
251.0
318.0
441.0
384.0
421.0
360.0
445.0
427.0
377.0
316.0
406.0
737.0
375.0
414.0
650.0
401.0
501.0
178.0
795.0
452.0
593.0
438.0
521.0
491.0
326.0
344.0
306.0
578.0
712.0
554.0
489.0
674.0
501.0
250.0
477.0
329.0
362.0
574.0
310.0
334.0
345.0
323.0
345.0
638.0
392.0
434.0
351.0
526.0
283.0
419.0
---
age_structure_45_64
241.0
325.0
365.0
367.0
370.0
244.0
187.0
284.0
551.0
410.0
371.0
305.0
326.0
302.0
249.0
382.0
460.0
377.0
403.0
344.0
389.0
297.0
504.0
501.0
321.0
355.0
479.0
291.0
249.0
368.0
233.0
257.0
551.0
318.0
342.0
350.0
459.0
424.0
343.0
369.0
513.0
556.0
162.0
283.0
475.0
185.0
437.0
345.0
343.0
444.0
148.0
286.0
454.0
386.0
355.0
546.0
331.0
348.0
306.0
381.0
275.0
298.0
378.0
416.0
387.0
396.0
426.0
158.0
260.0
409.0
374.0
430.0
343.0
380.0
413.0
256.0
271.0
287.0
359.0
456.0
322.0
456.0
316.0
423.0
392.0
369.0
354.0
324.0
286.0
527.0
355.0
494.0
401.0
338.0
336.0
408.0
233.0
363.0
334.0
316.0
399.0
361.0
375.0
372.0
332.0
297.0
376.0
244.0
369.0
512.0
338.0
313.0
401.0
466.0
316.0
116.0
390.0
444.0
451.0
285.0
366.0
266.0
312.0
434.0
341.0
440.0
419.0
363.0
406.0
311.0
491.0
402.0
421.0
212.0
268.0
316.0
312.0
348.0
364.0
394.0
358.0
275.0
---
age_structure_65_plus
131.0
227.0
166.0
113.0
278.0
108.0
42.0
205.0
340.0
129.0
136.0
72.0
90.0
118.0
117.0
90.0
79.0
155.0
198.0
164.0
225.0
104.0
232.0
341.0
198.0
134.0
195.0
84.0
108.0
116.0
242.0
75.0
340.0
144.0
70.0
199.0
149.0
303.0
154.0
126.0
274.0
309.0
93.0
160.0
243.0
40.0
211.0
147.0
101.0
175.0
57.0
123.0
223.0
191.0
182.0
310.0
161.0
134.0
122.0
180.0
119.0
111.0
193.0
102.0
145.0
198.0
240.0
73.0
81.0
156.0
232.0
147.0
315.0
159.0
202.0
111.0
107.0
110.0
179.0
225.0
130.0
184.0
160.0
260.0
228.0
115.0
164.0
164.0
141.0
241.0
172.0
159.0
414.0
182.0
137.0
268.0
201.0
152.0
120.0
88.0
130.0
166.0
180.0
181.0
123.0
117.0
121.0
133.0
167.0
289.0
145.0
148.0
170.0
246.0
91.0
12.0
421.0
383.0
268.0
185.0
107.0
169.0
113.0
117.0
150.0
288.0
140.0
318.0
162.0
188.0
261.0
256.0
257.0
92.0
178.0
109.0
64.0
165.0
170.0
164.0
208.0
110.0
---
age_structure_working_age
978.0
970.0
1576.0
1779.0
1070.0
1153.0
1164.0
1553.0
1105.0
1387.0
1105.0
1718.0
1005.0
1087.0
1268.0
1398.0
1748.0
1075.0
975.0
1186.0
1280.0
1186.0
1112.0
1039.0
1189.0
1356.0
1548.0
1403.0
1374.0
1310.0
1252.0
1051.0
1105.0
1125.0
1387.0
1143.0
1274.0
1306.0
987.0
1017.0
1320.0
1020.0
2101.0
1765.0
1120.0
1186.0
1555.0
1467.0
1048.0
1449.0
1647.0
1072.0
1370.0
1021.0
981.0
980.0
1236.0
1904.0
1328.0
1142.0
1048.0
1242.0
939.0
1402.0
1111.0
1084.0
957.0
1072.0
1022.0
1642.0
1117.0
1156.0
1010.0
1091.0
1041.0
1284.0
1080.0
2137.0
1352.0
967.0
934.0
2400.0
1631.0
864.0
1228.0
1301.0
1105.0
1052.0
1001.0
1975.0
1133.0
1689.0
838.0
969.0
1140.0
1136.0
1119.0
1036.0
1196.0
1274.0
1202.0
980.0
1162.0
1685.0
1065.0
1077.0
1761.0
1046.0
1221.0
939.0
2018.0
1091.0
1355.0
1323.0
1394.0
1010.0
923.0
1027.0
1087.0
1245.0
1799.0
1464.0
1139.0
1725.0
1239.0
891.0
1434.0
995.0
1120.0
1440.0
1013.0
982.0
1055.0
767.0
1057.0
1736.0
1111.0
1165.0
943.0
1399.0
943.0
1251.0
---
persons_per_hectare
23.4171050068186
365.346534653465
165.900383141762
142.236842105263
41.4972731779871
171.911573472042
174.640522875817
191.644204851752
35.5258051998448
87.9621280432822
50.819124038783
106.322640632264
117.314746881878
98.6037234042553
190.133607399794
176.648841354724
99.5226730310263
91.8962722852512
63.0241423125794
24.6257704725565
60.2265575833858
154.674220963173
30.8031923925964
51.4218009478673
93.7591418820088
88.5591191957875
48.3613817537644
67.7452667814114
193.24942791762
102.728351126928
114.520202020202
170.10101010101
35.5258051998448
47.0534069981584
146.681749622926
87.1966959215281
118.591370558376
52.3155216284987
123.753169907016
83.4660421545667
41.0537190082645
3.90910494621442
184.835164835165
103.304178814383
59.3933126508101
40.6432067117222
51.12869443798
170.216172938351
117.720530835285
130.827067669173
217.103762827822
143.030869971936
84.8915187376726
64.6121593291405
47.6107226107226
31.8877016551435
100.533689126084
188.71473354232
88.2352941176471
65.5761024182077
131.588287488909
93.3554817275748
41.2310286677909
195.53415061296
25.0284575981787
62.0583717357911
50.5972130059721
44.2360897632954
131.354091238233
104.04538727183
56.537332898598
82.5768667642753
77.8338687471317
80.3161652218256
13.8012205754141
181.795511221945
98.1082844096543
195.056179775281
172.294776119403
89.8379052369077
54.2148760330579
19.4280641684104
115.467625899281
54.5524691358025
53.8794268721276
176.068376068376
18.3527305282005
139.72850678733
58.7404994571118
109.103592605511
27.1516393442623
161.52380952381
32.7858081471748
58.0114722753346
24.9788314987299
83.833407971339
156.75944333996
90.2101769911504
177.675489067894
187.872763419483
167.695099818512
109.320809248555
144.588045234249
146.658097686375
154.841897233202
170.967741935484
136.596009975062
127.752293577982
158.519961051607
28.1637472938398
150.716332378224
161.411992263056
32.2608545234389
46.8536100684478
238.730569948187
138.650306748466
55.8691910499139
45.7776590058792
69.3045563549161
118.351254480287
152.148322542672
47.4464204286366
84.2737722048067
195.767634854772
156.726986624705
41.582774049217
133.186119873817
62.9725722757598
98.2498491249246
173.526824978012
51.21719886184
7.77496839443742
31.2247149687385
78.2608695652174
42.4165251839276
168.869309838473
81.9221967963387
107.88409703504
111.392405063291
80.6287170773152
111.392405063291
121.886120996441
---
all_households
755.0
757.0
821.0
982.0
588.0
710.0
673.0
709.0
802.0
806.0
660.0
767.0
610.0
632.0
507.0
742.0
890.0
557.0
522.0
622.0
641.0
628.0
657.0
635.0
751.0
772.0
926.0
797.0
815.0
825.0
807.0
475.0
802.0
714.0
689.0
588.0
734.0
870.0
626.0
514.0
864.0
636.0
1033.0
996.0
714.0
638.0
758.0
884.0
655.0
905.0
819.0
616.0
600.0
670.0
581.0
564.0
704.0
1063.0
777.0
631.0
676.0
751.0
544.0
724.0
616.0
637.0
622.0
643.0
598.0
980.0
761.0
684.0
735.0
588.0
587.0
840.0
650.0
861.0
869.0
513.0
501.0
1205.0
954.0
517.0
693.0
759.0
768.0
680.0
598.0
1116.0
571.0
1035.0
648.0
523.0
682.0
735.0
677.0
529.0
674.0
539.0
680.0
492.0
590.0
1025.0
607.0
638.0
823.0
555.0
733.0
504.0
1164.0
635.0
724.0
621.0
790.0
579.0
631.0
790.0
607.0
726.0
964.0
806.0
759.0
635.0
780.0
535.0
715.0
637.0
495.0
909.0
598.0
660.0
602.0
460.0
503.0
623.0
711.0
578.0
693.0
800.0
693.0
594.0
---
couple_household_with_dependent_children
28.0
82.0
116.0
107.0
124.0
57.0
53.0
63.0
188.0
137.0
121.0
125.0
106.0
70.0
96.0
120.0
273.0
160.0
142.0
83.0
141.0
93.0
239.0
160.0
155.0
113.0
96.0
149.0
72.0
73.0
63.0
139.0
188.0
87.0
93.0
107.0
149.0
132.0
137.0
107.0
167.0
134.0
83.0
122.0
129.0
99.0
135.0
123.0
82.0
123.0
34.0
113.0
184.0
135.0
141.0
151.0
91.0
104.0
120.0
127.0
69.0
60.0
156.0
132.0
127.0
117.0
137.0
47.0
134.0
116.0
96.0
206.0
111.0
96.0
121.0
45.0
112.0
36.0
66.0
117.0
92.0
135.0
125.0
139.0
150.0
95.0
134.0
75.0
165.0
241.0
123.0
130.0
127.0
114.0
145.0
133.0
83.0
144.0
112.0
147.0
112.0
101.0
122.0
147.0
100.0
105.0
106.0
95.0
81.0
114.0
87.0
105.0
160.0
147.0
92.0
77.0
157.0
148.0
121.0
121.0
142.0
96.0
112.0
118.0
86.0
138.0
125.0
116.0
119.0
91.0
190.0
147.0
181.0
105.0
80.0
141.0
63.0
97.0
95.0
114.0
67.0
156.0
---
couple_household_without_dependent_children
127.0
116.0
180.0
240.0
205.0
139.0
142.0
100.0
241.0
210.0
194.0
165.0
77.0
79.0
51.0
111.0
144.0
125.0
151.0
96.0
167.0
102.0
193.0
248.0
159.0
168.0
237.0
131.0
189.0
165.0
173.0
56.0
241.0
142.0
67.0
105.0
135.0
204.0
152.0
104.0
264.0
231.0
184.0
289.0
173.0
113.0
151.0
112.0
100.0
186.0
155.0
117.0
130.0
191.0
130.0
272.0
149.0
152.0
72.0
114.0
109.0
97.0
160.0
79.0
89.0
161.0
176.0
145.0
60.0
243.0
139.0
210.0
149.0
125.0
159.0
194.0
159.0
156.0
135.0
195.0
118.0
208.0
227.0
193.0
133.0
91.0
91.0
81.0
123.0
223.0
145.0
114.0
241.0
106.0
151.0
141.0
90.0
136.0
146.0
64.0
63.0
123.0
105.0
169.0
86.0
94.0
153.0
66.0
136.0
231.0
254.0
98.0
234.0
174.0
119.0
135.0
179.0
263.0
161.0
170.0
157.0
153.0
111.0
93.0
81.0
235.0
111.0
176.0
139.0
143.0
227.0
175.0
181.0
114.0
107.0
92.0
88.0
139.0
162.0
162.0
81.0
80.0
---
one_person_household
474.0
377.0
211.0
350.0
126.0
417.0
274.0
285.0
261.0
279.0
215.0
203.0
203.0
227.0
116.0
188.0
173.0
107.0
123.0
173.0
131.0
177.0
135.0
140.0
228.0
284.0
394.0
286.0
258.0
348.0
322.0
63.0
261.0
265.0
196.0
144.0
235.0
326.0
195.0
119.0
301.0
191.0
284.0
335.0
232.0
262.0
203.0
321.0
234.0
358.0
242.0
176.0
96.0
235.0
128.0
85.0
265.0
370.0
220.0
134.0
262.0
266.0
117.0
156.0
166.0
212.0
206.0
243.0
85.0
377.0
303.0
173.0
286.0
158.0
142.0
418.0
207.0
423.0
403.0
94.0
150.0
366.0
341.0
116.0
152.0
272.0
303.0
276.0
145.0
316.0
123.0
391.0
210.0
149.0
209.0
246.0
251.0
92.0
219.0
117.0
230.0
89.0
157.0
385.0
172.0
184.0
222.0
151.0
304.0
74.0
443.0
196.0
227.0
119.0
274.0
215.0
221.0
293.0
131.0
266.0
338.0
250.0
318.0
139.0
257.0
103.0
183.0
192.0
71.0
352.0
108.0
207.0
139.0
144.0
129.0
100.0
327.0
148.0
362.0
285.0
362.0
150.0
---
white
843.0
918.0
1218.0
1709.0
1005.0
1016.0
931.0
1001.0
1617.0
1516.0
1087.0
956.0
683.0
740.0
187.0
737.0
993.0
1023.0
940.0
930.0
1220.0
830.0
1594.0
1285.0
1211.0
1115.0
1524.0
843.0
1337.0
1200.0
1314.0
221.0
1617.0
986.0
789.0
868.0
1012.0
1551.0
1167.0
579.0
1488.0
924.0
1278.0
1815.0
1128.0
393.0
968.0
814.0
614.0
960.0
1463.0
1021.0
429.0
1244.0
1176.0
1361.0
1032.0
1449.0
599.0
1056.0
662.0
752.0
1015.0
402.0
981.0
909.0
1347.0
843.0
686.0
1441.0
1063.0
1529.0
1054.0
855.0
1086.0
1062.0
1034.0
1475.0
913.0
990.0
540.0
1232.0
1513.0
1152.0
1033.0
997.0
1012.0
732.0
1215.0
953.0
660.0
795.0
1383.0
844.0
686.0
886.0
716.0
677.0
1108.0
282.0
637.0
560.0
613.0
1150.0
572.0
801.0
1041.0
669.0
869.0
1053.0
1623.0
702.0
1494.0
504.0
881.0
832.0
1456.0
1380.0
891.0
1118.0
1176.0
1106.0
984.0
643.0
810.0
1152.0
789.0
1350.0
433.0
1104.0
1524.0
1471.0
1368.0
884.0
771.0
402.0
652.0
756.0
1044.0
1207.0
824.0
352.0
---
mixed_multiple_ethnic_groups
60.0
94.0
153.0
117.0
60.0
80.0
94.0
122.0
60.0
103.0
116.0
147.0
82.0
96.0
47.0
133.0
132.0
80.0
68.0
100.0
72.0
118.0
97.0
46.0
138.0
116.0
116.0
84.0
93.0
95.0
64.0
69.0
60.0
107.0
134.0
126.0
221.0
90.0
66.0
110.0
88.0
42.0
104.0
59.0
85.0
94.0
95.0
152.0
165.0
128.0
95.0
107.0
75.0
60.0
119.0
24.0
73.0
213.0
150.0
129.0
164.0
121.0
70.0
157.0
137.0
66.0
86.0
72.0
140.0
133.0
95.0
46.0
126.0
86.0
53.0
77.0
79.0
106.0
128.0
90.0
53.0
161.0
114.0
45.0
113.0
142.0
120.0
104.0
76.0
139.0
73.0
163.0
24.0
62.0
67.0
129.0
112.0
96.0
117.0
45.0
125.0
94.0
75.0
140.0
128.0
118.0
115.0
72.0
130.0
38.0
197.0
120.0
79.0
70.0
100.0
89.0
53.0
53.0
81.0
59.0
140.0
115.0
120.0
109.0
198.0
42.0
123.0
34.0
57.0
135.0
43.0
38.0
53.0
58.0
86.0
68.0
96.0
71.0
93.0
95.0
93.0
63.0
---
asian_asian_british
147.0
224.0
304.0
144.0
372.0
192.0
95.0
512.0
96.0
101.0
140.0
336.0
95.0
173.0
1306.0
195.0
138.0
253.0
328.0
233.0
440.0
244.0
96.0
258.0
230.0
115.0
207.0
636.0
62.0
169.0
145.0
1037.0
96.0
86.0
160.0
193.0
96.0
121.0
167.0
142.0
220.0
533.0
978.0
199.0
142.0
535.0
708.0
271.0
73.0
373.0
66.0
108.0
1342.0
105.0
75.0
125.0
197.0
142.0
341.0
237.0
112.0
137.0
290.0
190.0
237.0
283.0
56.0
250.0
209.0
151.0
208.0
86.0
94.0
302.0
341.0
181.0
214.0
598.0
185.0
178.0
441.0
923.0
279.0
139.0
354.0
223.0
135.0
115.0
145.0
1370.0
614.0
416.0
64.0
261.0
567.0
196.0
463.0
594.0
119.0
1180.0
108.0
329.0
559.0
484.0
168.0
96.0
610.0
390.0
144.0
297.0
255.0
162.0
165.0
1230.0
246.0
142.0
85.0
169.0
499.0
321.0
756.0
548.0
182.0
959.0
94.0
190.0
530.0
141.0
845.0
213.0
49.0
40.0
160.0
82.0
239.0
1631.0
215.0
470.0
80.0
145.0
63.0
1234.0
---
black_african_caribbean_black_british
50.0
100.0
367.0
77.0
120.0
52.0
144.0
346.0
22.0
92.0
156.0
661.0
688.0
387.0
194.0
821.0
1418.0
280.0
79.0
389.0
109.0
355.0
46.0
35.0
131.0
356.0
83.0
253.0
159.0
185.0
57.0
285.0
22.0
302.0
701.0
346.0
445.0
120.0
44.0
362.0
97.0
30.0
73.0
31.0
299.0
399.0
262.0
699.0
605.0
110.0
185.0
258.0
181.0
56.0
216.0
18.0
85.0
522.0
837.0
334.0
470.0
566.0
83.0
1294.0
347.0
263.0
19.0
95.0
709.0
313.0
310.0
14.0
388.0
287.0
30.0
113.0
91.0
119.0
494.0
159.0
222.0
637.0
58.0
11.0
443.0
351.0
470.0
541.0
123.0
375.0
148.0
994.0
22.0
99.0
297.0
573.0
285.0
155.0
175.0
267.0
834.0
479.0
481.0
422.0
631.0
566.0
321.0
418.0
398.0
59.0
259.0
584.0
109.0
162.0
528.0
233.0
21.0
59.0
204.0
99.0
189.0
196.0
213.0
566.0
758.0
8.0
551.0
114.0
182.0
502.0
26.0
40.0
55.0
92.0
123.0
110.0
459.0
247.0
266.0
342.0
266.0
222.0
---
united_kingdom
502.0
836.0
936.0
1550.0
930.0
609.0
760.0
1001.0
1429.0
1231.0
1174.0
1138.0
945.0
721.0
652.0
1107.0
1521.0
1174.0
958.0
961.0
1388.0
972.0
1523.0
1261.0
1281.0
1174.0
1127.0
720.0
1255.0
1070.0
917.0
820.0
1429.0
1073.0
841.0
1015.0
1203.0
1340.0
1132.0
899.0
1472.0
1049.0
1259.0
1254.0
1256.0
603.0
1009.0
1113.0
977.0
803.0
1225.0
1036.0
1104.0
1177.0
1371.0
1344.0
724.0
1431.0
1080.0
1206.0
796.0
900.0
1142.0
1169.0
1256.0
1140.0
1137.0
853.0
1161.0
1460.0
1223.0
1387.0
1178.0
905.0
1121.0
744.0
801.0
1168.0
1070.0
1140.0
660.0
1323.0
1031.0
1161.0
1283.0
921.0
1270.0
1041.0
1294.0
1353.0
694.0
1127.0
1386.0
637.0
987.0
1216.0
851.0
950.0
1037.0
811.0
916.0
765.0
956.0
1193.0
907.0
1125.0
894.0
829.0
978.0
1169.0
1421.0
717.0
1373.0
1215.0
1027.0
880.0
1412.0
1366.0
1095.0
831.0
1399.0
1345.0
943.0
990.0
1120.0
1196.0
1021.0
1414.0
752.0
1204.0
1537.0
1477.0
1269.0
901.0
608.0
622.0
818.0
765.0
843.0
1201.0
843.0
1061.0
---
not_united_kingdom
673.0
604.0
1232.0
587.0
701.0
794.0
561.0
1097.0
383.0
595.0
342.0
1028.0
613.0
769.0
1140.0
878.0
1202.0
539.0
513.0
754.0
517.0
631.0
326.0
443.0
524.0
576.0
919.0
1160.0
424.0
622.0
705.0
839.0
383.0
473.0
1033.0
713.0
621.0
597.0
321.0
312.0
460.0
498.0
1228.0
893.0
441.0
905.0
1169.0
974.0
515.0
1153.0
607.0
524.0
1019.0
313.0
235.0
187.0
855.0
949.0
923.0
611.0
679.0
727.0
330.0
943.0
492.0
454.0
398.0
449.0
615.0
622.0
491.0
312.0
500.0
648.0
432.0
768.0
661.0
1215.0
709.0
291.0
639.0
1758.0
1001.0
211.0
696.0
892.0
499.0
514.0
296.0
1559.0
894.0
1387.0
109.0
812.0
707.0
600.0
763.0
621.0
557.0
1046.0
864.0
724.0
831.0
1177.0
688.0
505.0
1299.0
776.0
652.0
293.0
1045.0
911.0
496.0
840.0
787.0
440.0
216.0
326.0
611.0
836.0
930.0
655.0
615.0
1329.0
786.0
240.0
1019.0
233.0
890.0
797.0
109.0
121.0
408.0
234.0
893.0
1637.0
642.0
821.0
543.0
646.0
543.0
843.0
---
median_price
760000.0
305000.0
285000.0
363750.0
418750.0
840000.0
330000.0
276000.0
390000.0
430000.0
195000.0
250000.0
170000.0
279500.0
218500.0
268000.0
166500.0
245000.0
365500.0
206250.0
249950.0
330000.0
1087500.0
457500.0
248000.0
463000.0
715000.0
209000.0
352250.0
399950.0
412500.0
217500.0
390000.0
249950.0
207000.0
360000.0
226000.0
361750.0
217000.0
225000.0
468000.0
885000.0
367500.0
475000.0
183000.0
240000.0
240000.0
220000.0
249000.0
689500.0
375000.0
498750.0
250000.0
275000.0
198250.0
500000.0
630000.0
250000.0
112500.0
235000.0
161500.0
256500.0
390000.0
160000.0
212750.0
250000.0
990000.0
231250.0
123000.0
430000.0
192500.0
362500.0
230000.0
230000.0
262500.0
322000.0
447500.0
469000.0
280000.0
280000.0
212500.0
246950.0
490000.0
290000.0
247500.0
222500.0
157000.0
250000.0
185000.0
202500.0
287450.0
207500.0
303250.0
430000.0
150000.0
250000.0
245000.0
249000.0
470000.0
206500.0
169250.0
262500.0
221000.0
314500.0
185000.0
200000.0
228000.0
190500.0
435000.0
478500.0
276000.0
191000.0
352250.0
269000.0
252999.5
253000.0
276475.0
237500.0
275000.0
280000.0
272500.0
249997.5
171000.0
168000.0
187475.0
550500.0
191500.0
198000.0
257000.0
259500.0
362500.0
187500.0
352497.5
163500.0
332500.0
226750.0
151000.0
245000.0
380000.0
412500.0
380000.0
310000.0
---
sales
12.0
12.0
8.0
34.0
24.0
17.0
15.0
7.0
37.0
68.0
25.0
19.0
1.0
6.0
4.0
8.0
12.0
15.0
14.0
6.0
19.0
17.0
24.0
16.0
23.0
30.0
54.0
78.0
36.0
29.0
126.0
10.0
37.0
11.0
7.0
16.0
16.0
60.0
18.0
9.0
22.0
13.0
24.0
39.0
19.0
33.0
16.0
13.0
15.0
14.0
53.0
18.0
11.0
17.0
10.0
17.0
19.0
25.0
3.0
7.0
16.0
10.0
22.0
4.0
7.0
19.0
28.0
20.0
3.0
33.0
6.0
23.0
19.0
7.0
17.0
23.0
28.0
20.0
23.0
14.0
10.0
99.0
34.0
17.0
10.0
22.0
4.0
10.0
9.0
36.0
38.0
17.0
16.0
11.0
11.0
10.0
11.0
7.0
21.0
8.0
2.0
5.0
10.0
8.0
7.0
5.0
22.0
6.0
24.0
14.0
31.0
15.0
44.0
8.0
18.0
15.0
16.0
31.0
20.0
29.0
24.0
24.0
18.0
22.0
6.0
36.0
6.0
15.0
10.0
13.0
24.0
18.0
10.0
15.0
17.0
8.0
7.0
12.0
20.0
30.0
5.0
28.0
---
economically_active_total
805.0
738.0
1211.0
1597.0
855.0
887.0
1019.0
797.0
883.0
1185.0
944.0
1307.0
743.0
744.0
833.0
1081.0
1339.0
844.0
788.0
839.0
949.0
892.0
932.0
829.0
941.0
1125.0
1194.0
1115.0
1213.0
990.0
1116.0
720.0
883.0
873.0
1015.0
777.0
1001.0
998.0
846.0
779.0
1133.0
794.0
1690.0
1585.0
866.0
830.0
1227.0
1071.0
782.0
1008.0
1527.0
832.0
983.0
854.0
740.0
794.0
962.0
1638.0
913.0
806.0
825.0
957.0
760.0
1012.0
763.0
845.0
760.0
897.0
681.0
1426.0
826.0
999.0
846.0
829.0
833.0
1090.0
869.0
1119.0
1019.0
820.0
756.0
1864.0
1430.0
758.0
893.0
910.0
760.0
725.0
751.0
1533.0
855.0
1224.0
681.0
728.0
843.0
848.0
810.0
800.0
975.0
867.0
872.0
823.0
844.0
1276.0
740.0
767.0
1376.0
724.0
1010.0
766.0
1626.0
790.0
1076.0
971.0
1063.0
843.0
794.0
828.0
863.0
1068.0
1350.0
1104.0
860.0
1291.0
949.0
750.0
1017.0
805.0
867.0
1191.0
856.0
775.0
796.0
631.0
822.0
1229.0
834.0
928.0
749.0
1096.0
645.0
773.0
---
economically_inactive_total
249.0
338.0
465.0
245.0
369.0
332.0
173.0
846.0
390.0
276.0
240.0
460.0
329.0
405.0
492.0
370.0
459.0
321.0
300.0
436.0
429.0
350.0
307.0
389.0
337.0
303.0
470.0
337.0
218.0
372.0
244.0
383.0
390.0
336.0
424.0
465.0
358.0
451.0
228.0
300.0
328.0
397.0
459.0
269.0
361.0
377.0
440.0
477.0
321.0
540.0
155.0
315.0
517.0
267.0
346.0
362.0
345.0
332.0
476.0
458.0
300.0
353.0
272.0
462.0
435.0
346.0
337.0
215.0
372.0
308.0
399.0
235.0
306.0
359.0
320.0
261.0
265.0
1087.0
431.0
268.0
253.0
646.0
290.0
245.0
442.0
453.0
431.0
412.0
320.0
552.0
380.0
572.0
321.0
335.0
370.0
401.0
405.0
320.0
283.0
463.0
390.0
255.0
423.0
500.0
388.0
390.0
452.0
406.0
303.0
325.0
482.0
390.0
365.0
480.0
383.0
176.0
285.0
368.0
374.0
280.0
503.0
441.0
351.0
509.0
356.0
301.0
495.0
359.0
343.0
355.0
288.0
329.0
389.0
189.0
335.0
575.0
308.0
326.0
419.0
398.0
419.0
546.0
---
economically_active_employee
534.0
538.0
810.0
1060.0
580.0
612.0
762.0
527.0
640.0
873.0
715.0
864.0
481.0
533.0
497.0
778.0
919.0
592.0
555.0
519.0
715.0
592.0
646.0
594.0
691.0
786.0
909.0
706.0
983.0
657.0
932.0
426.0
640.0
607.0
722.0
521.0
767.0
717.0
638.0
544.0
853.0
510.0
1328.0
1300.0
606.0
541.0
822.0
748.0
504.0
703.0
1260.0
620.0
655.0
609.0
545.0
608.0
661.0
1238.0
622.0
532.0
574.0
670.0
546.0
705.0
540.0
622.0
501.0
696.0
453.0
1064.0
565.0
758.0
566.0
556.0
628.0
840.0
648.0
663.0
665.0
619.0
530.0
1288.0
1087.0
554.0
595.0
582.0
498.0
485.0
544.0
1113.0
536.0
768.0
535.0
452.0
618.0
596.0
550.0
579.0
666.0
534.0
577.0
533.0
576.0
890.0
511.0
539.0
928.0
428.0
723.0
528.0
1165.0
515.0
829.0
625.0
802.0
644.0
595.0
609.0
611.0
751.0
912.0
762.0
593.0
853.0
678.0
592.0
651.0
614.0
590.0
892.0
652.0
598.0
554.0
475.0
542.0
778.0
540.0
640.0
468.0
757.0
407.0
481.0
---
economically_active_self_employed
192.0
104.0
204.0
395.0
188.0
188.0
147.0
85.0
184.0
243.0
153.0
166.0
92.0
88.0
90.0
131.0
191.0
154.0
175.0
172.0
92.0
165.0
249.0
175.0
161.0
220.0
185.0
254.0
146.0
205.0
115.0
142.0
184.0
153.0
98.0
103.0
130.0
176.0
126.0
86.0
198.0
236.0
154.0
222.0
145.0
90.0
169.0
141.0
98.0
176.0
159.0
130.0
164.0
186.0
80.0
134.0
176.0
232.0
86.0
110.0
99.0
131.0
135.0
86.0
85.0
125.0
190.0
106.0
66.0
229.0
116.0
178.0
184.0
134.0
108.0
155.0
137.0
215.0
195.0
133.0
117.0
257.0
260.0
144.0
112.0
172.0
98.0
89.0
96.0
212.0
226.0
204.0
103.0
186.0
84.0
108.0
97.0
100.0
189.0
107.0
105.0
167.0
123.0
210.0
79.0
78.0
226.0
124.0
186.0
162.0
252.0
150.0
190.0
188.0
104.0
96.0
139.0
159.0
152.0
198.0
197.0
122.0
141.0
130.0
106.0
113.0
143.0
107.0
134.0
139.0
137.0
116.0
174.0
80.0
157.0
158.0
115.0
167.0
162.0
191.0
120.0
69.0
---
economically_active_unemployed
50.0
71.0
103.0
102.0
40.0
38.0
60.0
91.0
34.0
36.0
51.0
84.0
97.0
77.0
79.0
111.0
113.0
62.0
37.0
96.0
62.0
93.0
24.0
38.0
55.0
68.0
67.0
74.0
46.0
76.0
50.0
93.0
34.0
74.0
101.0
90.0
57.0
47.0
58.0
51.0
57.0
24.0
101.0
41.0
63.0
135.0
111.0
127.0
121.0
90.0
65.0
54.0
80.0
40.0
82.0
19.0
62.0
96.0
136.0
100.0
96.0
95.0
50.0
131.0
80.0
69.0
58.0
56.0
105.0
80.0
89.0
30.0
54.0
69.0
43.0
52.0
53.0
44.0
103.0
37.0
50.0
154.0
56.0
32.0
100.0
90.0
121.0
103.0
71.0
113.0
47.0
159.0
20.0
48.0
81.0
94.0
89.0
77.0
57.0
102.0
95.0
63.0
81.0
115.0
85.0
96.0
78.0
92.0
73.0
35.0
92.0
81.0
28.0
101.0
98.0
56.0
30.0
42.0
67.0
67.0
137.0
124.0
99.0
126.0
100.0
17.0
122.0
51.0
86.0
105.0
29.0
33.0
41.0
52.0
56.0
69.0
94.0
58.0
75.0
63.0
75.0
128.0
---
economically_active_full_time_student
29.0
25.0
94.0
40.0
47.0
49.0
50.0
94.0
25.0
33.0
25.0
193.0
73.0
46.0
167.0
61.0
116.0
36.0
21.0
52.0
80.0
42.0
13.0
22.0
34.0
51.0
33.0
81.0
38.0
52.0
19.0
59.0
25.0
39.0
94.0
63.0
47.0
58.0
24.0
43.0
25.0
24.0
107.0
22.0
52.0
64.0
125.0
55.0
59.0
39.0
43.0
28.0
84.0
19.0
33.0
33.0
63.0
72.0
69.0
64.0
56.0
61.0
29.0
90.0
58.0
29.0
11.0
39.0
57.0
53.0
56.0
33.0
42.0
70.0
54.0
43.0
31.0
197.0
56.0
31.0
59.0
165.0
27.0
28.0
86.0
66.0
43.0
48.0
40.0
95.0
46.0
93.0
23.0
42.0
60.0
50.0
74.0
44.0
63.0
124.0
95.0
60.0
64.0
61.0
65.0
54.0
144.0
80.0
28.0
41.0
117.0
44.0
29.0
57.0
59.0
47.0
30.0
18.0
33.0
52.0
104.0
96.0
27.0
182.0
65.0
28.0
101.0
33.0
57.0
55.0
38.0
28.0
27.0
24.0
67.0
224.0
85.0
63.0
43.0
85.0
43.0
95.0
---
employment_rate
68.8804554079696
59.6654275092937
60.5011933174224
78.9902280130293
62.7450980392157
65.6275635767022
76.258389261745
37.2489348752282
64.7289866457188
76.3860369609856
73.3108108108108
58.2908885116016
53.4514925373134
54.0469973890339
44.3018867924528
62.6464507236389
61.7352614015573
64.0343347639485
67.0955882352941
54.1960784313726
58.5631349782293
60.9500805152979
72.2356739305892
63.136288998358
66.6666666666667
70.4481792717087
65.7451923076923
66.1157024793389
78.8958770090846
63.2892804698972
76.9852941176471
51.4959202175884
64.7289866457188
62.8618693134822
56.9840166782488
50.2415458937198
66.0044150110375
61.6287094547964
71.1359404096834
65.3014789533561
71.937029431896
62.6364399664148
68.9623080502559
82.0927723840345
61.2061939690302
52.2783761391881
59.4481103779244
57.4289405684755
54.5784224841342
56.7829457364341
84.3638525564804
65.3879686137751
54.6
70.9188224799286
57.5506445672192
64.1868512110727
64.0397857689365
74.6192893401015
50.9719222462203
50.7911392405063
59.8222222222222
61.1450381679389
65.9883720930232
53.6635006784261
52.1702838063439
62.72040302267
62.9899726526892
72.1223021582734
49.2877492877493
74.5674740484429
55.5918367346939
75.8508914100486
65.1041666666667
58.0808080808081
63.8334778837814
73.6491487786825
69.2239858906526
39.8005439709882
59.3103448275862
69.1176470588235
64.1228939544103
61.5537848605578
78.3139534883721
69.5912263210369
52.9588014981273
55.3191489361702
50.0419815281276
50.4837291116975
59.7572362278245
63.5491606714628
61.7004048582996
54.1202672605791
63.6726546906188
60.0188146754469
57.8730420445177
56.3650920736589
53.2510288065844
60.625
67.9650238473768
48.1954887218045
54.041204437401
64.9350649350649
55.1696921862668
61.9369369369369
52.3049645390071
53.3275713050994
63.129102844639
48.8495575221239
69.2307692307692
63.2447296058662
67.2201138519924
56.3559322033898
70.7147814018043
56.0303239145417
62.655601659751
72.6202158979392
68.0259499536608
64.2140468227425
61.6814874696847
70.4005934718101
59.8488936859147
57.2168284789644
60.6110652353427
54.6111111111111
60.0766283524904
67.0789724072312
52.5132275132275
61.9415807560137
59.8347107438017
66.6882276843467
68.9685314685315
64.6739130434783
61.4345991561181
67.6829268292683
60.4148660328436
51.8847006651885
57.3555166374781
64.3540669856459
58.053500284576
63.4538152610442
49.5300751879699
41.6982562547384
---
unemployment_rate
6.2111801242236
9.62059620596206
8.50536746490504
6.38697557921102
4.67836257309941
4.28410372040586
5.88812561334642
11.4178168130489
3.85050962627407
3.0379746835443
5.40254237288136
6.42693190512624
13.0551816958277
10.3494623655914
9.48379351740696
10.268270120259
8.43913368185213
7.34597156398104
4.69543147208122
11.4421930870083
6.5331928345627
10.4260089686099
2.57510729613734
4.583835946924
5.84484590860786
6.04444444444444
5.61139028475712
6.63677130044843
3.79225061830173
7.67676767676768
4.48028673835125
12.9166666666667
3.85050962627407
8.47651775486827
9.95073891625616
11.5830115830116
5.69430569430569
4.70941883767535
6.85579196217494
7.63473053892216
5.03089143865843
3.02267002518892
5.97633136094675
2.58675078864353
7.27482678983834
16.2650602409639
9.04645476772616
11.8580765639589
15.4731457800512
8.92857142857143
4.25671250818599
6.49038461538462
8.1383519837233
4.68384074941452
11.0810810810811
2.39294710327456
6.44490644490645
5.86080586080586
14.8959474260679
12.4069478908189
11.6363636363636
9.92685475444096
6.57894736842105
12.9446640316206
10.4849279161206
8.16568047337278
7.63157894736842
6.24303232998885
15.4185022026432
5.61009817671809
10.774818401937
3.003003003003
6.38297872340426
8.3232810615199
5.16206482593037
4.77064220183486
6.09896432681243
3.93208221626452
10.107948969578
4.51219512195122
6.61375661375661
8.2618025751073
3.91608391608392
4.22163588390501
11.1982082866741
9.89010989010989
15.9210526315789
14.2068965517241
9.45406125166445
7.37116764514025
5.49707602339181
12.9901960784314
2.93685756240822
6.59340659340659
9.6085409252669
11.0849056603774
10.9876543209877
9.625
5.84615384615385
11.7647058823529
10.894495412844
7.65492102065614
9.59715639810427
9.01253918495298
11.4864864864865
12.51629726206
5.66860465116279
12.707182320442
7.22772277227723
4.56919060052219
5.65805658056581
10.253164556962
2.60223048327138
10.4016477857878
9.21919096895579
6.6429418742586
3.77833753148615
5.07246376811594
7.76361529548088
6.27340823970038
10.1481481481481
11.231884057971
11.5116279069767
9.75987606506584
10.5374077976818
2.26666666666667
11.9960668633235
6.33540372670807
9.91926182237601
8.81612090680101
3.38785046728972
4.25806451612903
5.15075376884422
8.24088748019017
6.81265206812652
5.61432058584215
11.2709832134293
6.25
10.7053941908714
5.74817518248175
11.6279069767442
16.5588615782665
---
no_qualifications
110.0
231.0
327.0
111.0
223.0
59.0
77.0
368.0
136.0
109.0
129.0
201.0
246.0
280.0
281.0
226.0
220.0
231.0
154.0
416.0
379.0
202.0
73.0
249.0
238.0
163.0
116.0
199.0
166.0
236.0
136.0
206.0
136.0
210.0
266.0
331.0
238.0
281.0
183.0
235.0
125.0
161.0
211.0
111.0
362.0
199.0
326.0
349.0
255.0
150.0
88.0
206.0
314.0
170.0
416.0
118.0
79.0
217.0
328.0
370.0
207.0
244.0
179.0
256.0
404.0
304.0
144.0
155.0
260.0
198.0
427.0
83.0
259.0
309.0
292.0
101.0
145.0
87.0
316.0
192.0
188.0
401.0
73.0
191.0
389.0
335.0
371.0
382.0
322.0
330.0
229.0
423.0
227.0
184.0
297.0
365.0
277.0
223.0
158.0
296.0
290.0
203.0
313.0
317.0
281.0
274.0
245.0
331.0
259.0
190.0
277.0
287.0
121.0
312.0
194.0
79.0
247.0
195.0
283.0
181.0
343.0
410.0
224.0
319.0
261.0
141.0
419.0
446.0
259.0
307.0
174.0
334.0
187.0
175.0
200.0
269.0
193.0
250.0
298.0
156.0
298.0
406.0
---
highest_level_of_qualification_level_1_qualifications
60.0
120.0
148.0
69.0
125.0
42.0
47.0
174.0
82.0
61.0
140.0
138.0
170.0
124.0
156.0
172.0
255.0
189.0
125.0
162.0
267.0
93.0
54.0
149.0
147.0
112.0
83.0
140.0
100.0
97.0
74.0
152.0
82.0
99.0
174.0
157.0
138.0
143.0
181.0
167.0
153.0
118.0
116.0
51.0
171.0
118.0
224.0
166.0
148.0
130.0
61.0
117.0
182.0
149.0
200.0
147.0
91.0
152.0
239.0
194.0
113.0
115.0
110.0
199.0
199.0
201.0
85.0
74.0
180.0
128.0
181.0
75.0
121.0
173.0
180.0
73.0
105.0
82.0
149.0
180.0
117.0
234.0
62.0
142.0
168.0
160.0
199.0
157.0
205.0
253.0
143.0
230.0
157.0
130.0
183.0
203.0
131.0
178.0
68.0
185.0
174.0
125.0
173.0
154.0
151.0
216.0
156.0
163.0
140.0
128.0
163.0
160.0
99.0
186.0
115.0
70.0
140.0
173.0
168.0
102.0
176.0
158.0
156.0
208.0
157.0
146.0
209.0
204.0
152.0
142.0
169.0
221.0
131.0
136.0
122.0
179.0
112.0
124.0
149.0
111.0
149.0
185.0
---
highest_level_of_qualification_level_2_qualifications
85.0
109.0
163.0
118.0
162.0
68.0
55.0
184.0
169.0
85.0
220.0
172.0
186.0
141.0
128.0
160.0
314.0
207.0
163.0
181.0
218.0
130.0
95.0
171.0
169.0
144.0
166.0
141.0
103.0
105.0
82.0
140.0
169.0
123.0
181.0
168.0
189.0
172.0
175.0
162.0
220.0
181.0
132.0
99.0
193.0
132.0
211.0
182.0
158.0
126.0
73.0
114.0
193.0
172.0
190.0
246.0
108.0
156.0
217.0
193.0
135.0
154.0
143.0
249.0
175.0
167.0
109.0
101.0
225.0
114.0
144.0
136.0
165.0
171.0
189.0
79.0
106.0
121.0
140.0
191.0
135.0
231.0
78.0
166.0
202.0
169.0
179.0
152.0
184.0
278.0
160.0
222.0
202.0
126.0
178.0
217.0
119.0
157.0
118.0
133.0
162.0
165.0
200.0
195.0
145.0
208.0
169.0
143.0
129.0
221.0
128.0
151.0
135.0
200.0
153.0
103.0
211.0
185.0
192.0
111.0
174.0
149.0
146.0
218.0
164.0
188.0
196.0
210.0
177.0
175.0
242.0
212.0
184.0
152.0
117.0
151.0
149.0
174.0
132.0
151.0
132.0
166.0
---
highest_level_of_qualification_apprenticeship
11.0
19.0
21.0
13.0
21.0
8.0
12.0
17.0
15.0
7.0
24.0
14.0
9.0
8.0
7.0
18.0
22.0
22.0
25.0
18.0
41.0
11.0
13.0
23.0
15.0
15.0
8.0
19.0
21.0
18.0
22.0
12.0
15.0
22.0
17.0
25.0
19.0
20.0
25.0
22.0
10.0
24.0
12.0
15.0
32.0
12.0
28.0
16.0
17.0
10.0
4.0
16.0
27.0
21.0
36.0
33.0
7.0
22.0
15.0
22.0
18.0
30.0
19.0
15.0
26.0
24.0
12.0
11.0
12.0
14.0
24.0
15.0
15.0
27.0
32.0
15.0
11.0
6.0
8.0
48.0
11.0
24.0
14.0
51.0
29.0
27.0
20.0
14.0
25.0
26.0
16.0
24.0
38.0
8.0
25.0
42.0
11.0
26.0
8.0
14.0
8.0
17.0
12.0
17.0
14.0
18.0
18.0
13.0
18.0
31.0
10.0
12.0
14.0
16.0
16.0
6.0
29.0
23.0
39.0
24.0
17.0
18.0
22.0
18.0
21.0
42.0
16.0
38.0
16.0
25.0
40.0
53.0
38.0
21.0
32.0
3.0
18.0
24.0
16.0
14.0
22.0
17.0
---
highest_level_of_qualification_level_3_qualifications
91.0
104.0
158.0
171.0
134.0
189.0
92.0
277.0
136.0
101.0
169.0
310.0
110.0
120.0
125.0
166.0
219.0
134.0
131.0
93.0
170.0
137.0
103.0
153.0
129.0
151.0
189.0
132.0
121.0
123.0
97.0
114.0
136.0
100.0
158.0
135.0
142.0
157.0
136.0
123.0
200.0
134.0
207.0
142.0
126.0
108.0
172.0
146.0
134.0
155.0
138.0
126.0
198.0
121.0
101.0
165.0
161.0
186.0
154.0
125.0
121.0
111.0
114.0
162.0
122.0
148.0
125.0
119.0
115.0
156.0
134.0
146.0
116.0
129.0
162.0
128.0
137.0
834.0
172.0
164.0
111.0
292.0
115.0
134.0
167.0
120.0
114.0
108.0
153.0
247.0
119.0
171.0
158.0
101.0
125.0
146.0
136.0
138.0
185.0
131.0
122.0
116.0
146.0
190.0
104.0
137.0
173.0
91.0
132.0
136.0
224.0
119.0
142.0
149.0
177.0
108.0
150.0
176.0
146.0
120.0
161.0
157.0
168.0
207.0
129.0
142.0
158.0
126.0
119.0
143.0
160.0
118.0
148.0
124.0
119.0
137.0
134.0
144.0
113.0
185.0
113.0
124.0
---
highest_level_of_qualification_level_4_qualifications_and_abov
620.0
493.0
662.0
1276.0
537.0
720.0
783.0
516.0
822.0
1075.0
491.0
681.0
255.0
380.0
415.0
587.0
642.0
325.0
469.0
274.0
298.0
591.0
964.0
536.0
595.0
808.0
1003.0
562.0
900.0
729.0
940.0
369.0
822.0
643.0
447.0
368.0
592.0
690.0
368.0
267.0
793.0
638.0
1288.0
1363.0
356.0
500.0
475.0
610.0
342.0
794.0
1234.0
485.0
505.0
499.0
151.0
542.0
785.0
1079.0
324.0
285.0
412.0
519.0
489.0
455.0
221.0
334.0
649.0
620.0
217.0
1083.0
333.0
798.0
564.0
258.0
287.0
844.0
564.0
871.0
620.0
357.0
331.0
981.0
1278.0
384.0
380.0
402.0
277.0
324.0
182.0
802.0
416.0
439.0
422.0
393.0
299.0
306.0
480.0
340.0
673.0
398.0
413.0
363.0
350.0
717.0
345.0
262.0
794.0
272.0
603.0
455.0
1161.0
312.0
929.0
534.0
713.0
594.0
498.0
579.0
408.0
681.0
824.0
597.0
388.0
556.0
502.0
454.0
311.0
215.0
347.0
665.0
441.0
249.0
543.0
212.0
373.0
755.0
457.0
417.0
631.0
819.0
326.0
302.0
---
day_to_day_activities_limited_a_lot
66.0
146.0
159.0
64.0
105.0
49.0
47.0
198.0
82.0
63.0
74.0
74.0
99.0
142.0
130.0
106.0
100.0
89.0
80.0
164.0
152.0
124.0
61.0
100.0
155.0
103.0
88.0
80.0
76.0
138.0
103.0
70.0
82.0
141.0
88.0
205.0
131.0
160.0
78.0
98.0
73.0
95.0
91.0
53.0
183.0
108.0
125.0
171.0
134.0
134.0
49.0
84.0
122.0
85.0
134.0
60.0
62.0
95.0
148.0
132.0
92.0
127.0
85.0
136.0
153.0
110.0
79.0
67.0
105.0
125.0
192.0
49.0
179.0
120.0
101.0
59.0
53.0
66.0
202.0
80.0
70.0
185.0
74.0
70.0
171.0
176.0
199.0
217.0
118.0
176.0
97.0
170.0
133.0
102.0
142.0
157.0
117.0
99.0
83.0
107.0
133.0
93.0
125.0
169.0
120.0
114.0
113.0
129.0
119.0
83.0
152.0
132.0
127.0
161.0
112.0
39.0
225.0
110.0
124.0
116.0
157.0
159.0
120.0
135.0
143.0
73.0
174.0
187.0
130.0
118.0
77.0
151.0
107.0
53.0
89.0
100.0
108.0
127.0
185.0
112.0
185.0
173.0
---
day_to_day_activities_limited_a_little
81.0
138.0
152.0
107.0
136.0
74.0
71.0
162.0
141.0
101.0
121.0
113.0
117.0
149.0
130.0
119.0
121.0
119.0
110.0
163.0
178.0
103.0
64.0
157.0
121.0
108.0
94.0
81.0
91.0
139.0
128.0
104.0
141.0
130.0
115.0
161.0
133.0
183.0
121.0
119.0
133.0
114.0
113.0
79.0
176.0
94.0
163.0
145.0
114.0
157.0
58.0
100.0
181.0
111.0
144.0
97.0
103.0
130.0
153.0
160.0
137.0
93.0
89.0
127.0
158.0
132.0
110.0
77.0
110.0
133.0
173.0
94.0
151.0
122.0
132.0
77.0
82.0
101.0
157.0
121.0
97.0
179.0
85.0
110.0
168.0
133.0
156.0
150.0
131.0
179.0
99.0
171.0
159.0
105.0
134.0
169.0
139.0
116.0
108.0
147.0
151.0
103.0
138.0
190.0
116.0
123.0
120.0
111.0
113.0
111.0
140.0
108.0
99.0
168.0
115.0
61.0
133.0
164.0
139.0
103.0
173.0
179.0
140.0
149.0
141.0
115.0
161.0
163.0
123.0
112.0
127.0
173.0
133.0
73.0
117.0
142.0
122.0
121.0
168.0
139.0
171.0
145.0
---
day_to_day_activities_not_limited
1028.0
1156.0
1857.0
1966.0
1390.0
1280.0
1203.0
1738.0
1589.0
1662.0
1321.0
1979.0
1342.0
1199.0
1532.0
1760.0
2502.0
1505.0
1281.0
1388.0
1575.0
1376.0
1724.0
1447.0
1529.0
1539.0
1864.0
1719.0
1512.0
1415.0
1391.0
1485.0
1589.0
1275.0
1671.0
1362.0
1560.0
1594.0
1254.0
1387.0
1726.0
1338.0
2283.0
2015.0
1338.0
1306.0
1890.0
1771.0
1244.0
1665.0
1725.0
1376.0
1820.0
1294.0
1328.0
1374.0
1414.0
2155.0
1702.0
1525.0
1246.0
1407.0
1298.0
1849.0
1437.0
1352.0
1346.0
1158.0
1561.0
1824.0
1349.0
1556.0
1348.0
1311.0
1320.0
1376.0
1327.0
2216.0
1420.0
1230.0
1132.0
2717.0
1873.0
1192.0
1640.0
1504.0
1414.0
1188.0
1341.0
2557.0
1392.0
2173.0
1203.0
1242.0
1418.0
1490.0
1358.0
1356.0
1403.0
1603.0
1496.0
1293.0
1524.0
2011.0
1359.0
1393.0
1960.0
1365.0
1398.0
1268.0
2174.0
1388.0
1643.0
1726.0
1587.0
1220.0
1270.0
1418.0
1443.0
1448.0
1999.0
1662.0
1298.0
2035.0
1622.0
1248.0
1705.0
1297.0
1389.0
1771.0
1442.0
1274.0
1437.0
1009.0
1295.0
2017.0
1230.0
1338.0
1178.0
1596.0
1030.0
1586.0
---
very_good_or_good_health
1011.0
1121.0
1768.0
1946.0
1358.0
1252.0
1174.0
1685.0
1586.0
1649.0
1343.0
1907.0
1314.0
1135.0
1493.0
1704.0
2482.0
1458.0
1254.0
1342.0
1527.0
1331.0
1709.0
1432.0
1514.0
1501.0
1847.0
1674.0
1498.0
1368.0
1384.0
1427.0
1586.0
1250.0
1612.0
1328.0
1561.0
1596.0
1245.0
1320.0
1723.0
1315.0
2215.0
1981.0
1298.0
1276.0
1837.0
1694.0
1194.0
1623.0
1701.0
1331.0
1745.0
1269.0
1288.0
1365.0
1389.0
2069.0
1657.0
1454.0
1245.0
1326.0
1276.0
1806.0
1353.0
1319.0
1335.0
1121.0
1512.0
1781.0
1317.0
1549.0
1313.0
1246.0
1267.0
1337.0
1299.0
2176.0
1358.0
1216.0
1091.0
2628.0
1839.0
1202.0
1617.0
1458.0
1357.0
1139.0
1300.0
2472.0
1339.0
2094.0
1224.0
1233.0
1347.0
1433.0
1307.0
1297.0
1388.0
1536.0
1459.0
1268.0
1473.0
1955.0
1314.0
1314.0
1888.0
1327.0
1377.0
1274.0
2124.0
1315.0
1656.0
1670.0
1552.0
1201.0
1299.0
1434.0
1427.0
1429.0
1941.0
1625.0
1263.0
2000.0
1567.0
1256.0
1632.0
1271.0
1347.0
1695.0
1450.0
1259.0
1440.0
953.0
1272.0
1973.0
1199.0
1299.0
1155.0
1600.0
1020.0
1492.0
---
no_cars_or_vans_in_household
604.0
556.0
507.0
465.0
143.0
481.0
467.0
526.0
126.0
403.0
182.0
397.0
348.0
429.0
309.0
478.0
270.0
158.0
84.0
334.0
151.0
374.0
97.0
70.0
164.0
379.0
482.0
354.0
419.0
588.0
418.0
162.0
126.0
418.0
451.0
269.0
314.0
327.0
177.0
138.0
233.0
91.0
806.0
482.0
246.0
452.0
305.0
642.0
365.0
536.0
515.0
307.0
141.0
148.0
209.0
44.0
383.0
662.0
475.0
227.0
433.0
578.0
103.0
415.0
226.0
163.0
178.0
425.0
306.0
493.0
412.0
140.0
348.0
234.0
146.0
584.0
200.0
653.0
617.0
111.0
157.0
725.0
508.0
63.0
292.0
479.0
446.0
461.0
193.0
407.0
132.0
688.0
114.0
166.0
251.0
315.0
423.0
117.0
321.0
290.0
446.0
137.0
251.0
582.0
353.0
346.0
500.0
316.0
414.0
24.0
816.0
367.0
210.0
135.0
530.0
268.0
114.0
177.0
124.0
319.0
633.0
473.0
343.0
305.0
575.0
47.0
394.0
193.0
104.0
594.0
79.0
144.0
84.0
130.0
187.0
345.0
489.0
196.0
491.0
452.0
491.0
331.0
---
_1_car_or_van_in_household
123.0
175.0
258.0
428.0
263.0
187.0
175.0
165.0
416.0
336.0
342.0
294.0
217.0
171.0
155.0
237.0
413.0
259.0
222.0
235.0
272.0
221.0
338.0
270.0
415.0
316.0
345.0
359.0
339.0
206.0
323.0
217.0
416.0
255.0
210.0
257.0
326.0
405.0
325.0
239.0
393.0
191.0
190.0
439.0
320.0
158.0
333.0
220.0
246.0
308.0
253.0
250.0
277.0
327.0
231.0
232.0
252.0
356.0
278.0
287.0
205.0
159.0
269.0
264.0
287.0
320.0
274.0
183.0
234.0
396.0
267.0
362.0
303.0
264.0
262.0
228.0
340.0
175.0
219.0
227.0
247.0
395.0
362.0
225.0
310.0
243.0
248.0
192.0
255.0
549.0
294.0
295.0
303.0
222.0
315.0
315.0
223.0
246.0
288.0
191.0
207.0
261.0
268.0
382.0
216.0
225.0
284.0
193.0
256.0
172.0
312.0
216.0
388.0
277.0
231.0
276.0
324.0
388.0
294.0
298.0
303.0
277.0
352.0
247.0
181.0
215.0
263.0
291.0
227.0
276.0
234.0
319.0
279.0
234.0
223.0
222.0
193.0
281.0
225.0
285.0
176.0
235.0
---
_2_cars_or_vans_in_household
20.0
22.0
51.0
75.0
140.0
37.0
27.0
14.0
215.0
57.0
109.0
66.0
38.0
29.0
34.0
25.0
162.0
109.0
152.0
43.0
159.0
31.0
184.0
216.0
154.0
65.0
75.0
72.0
44.0
24.0
59.0
82.0
215.0
37.0
25.0
58.0
77.0
107.0
103.0
89.0
184.0
226.0
32.0
67.0
123.0
20.0
91.0
20.0
38.0
51.0
43.0
51.0
141.0
147.0
99.0
202.0
55.0
38.0
17.0
90.0
31.0
13.0
133.0
38.0
86.0
118.0
128.0
32.0
51.0
74.0
65.0
154.0
70.0
67.0
140.0
25.0
95.0
28.0
28.0
135.0
88.0
76.0
71.0
163.0
76.0
35.0
60.0
24.0
128.0
127.0
115.0
40.0
174.0
109.0
84.0
84.0
24.0
119.0
55.0
52.0
23.0
73.0
58.0
51.0
34.0
55.0
36.0
34.0
53.0
200.0
29.0
47.0
103.0
127.0
24.0
31.0
148.0
190.0
157.0
101.0
24.0
51.0
57.0
63.0
20.0
196.0
52.0
116.0
121.0
36.0
212.0
143.0
168.0
81.0
74.0
44.0
28.0
83.0
25.0
58.0
25.0
27.0
---
_3_cars_or_vans_in_household
4.0
2.0
4.0
12.0
28.0
5.0
1.0
3.0
37.0
8.0
20.0
10.0
5.0
3.0
6.0
2.0
37.0
24.0
40.0
9.0
38.0
2.0
33.0
53.0
13.0
11.0
16.0
10.0
12.0
5.0
6.0
9.0
37.0
3.0
3.0
4.0
14.0
21.0
19.0
9.0
40.0
78.0
2.0
6.0
19.0
8.0
24.0
2.0
6.0
9.0
7.0
6.0
32.0
38.0
33.0
65.0
14.0
6.0
5.0
22.0
6.0
1.0
27.0
4.0
15.0
26.0
36.0
2.0
6.0
15.0
13.0
24.0
9.0
19.0
32.0
3.0
13.0
5.0
5.0
30.0
9.0
7.0
12.0
52.0
13.0
2.0
10.0
3.0
17.0
25.0
24.0
9.0
42.0
20.0
23.0
15.0
5.0
42.0
9.0
4.0
3.0
16.0
11.0
9.0
4.0
10.0
2.0
9.0
8.0
75.0
6.0
4.0
16.0
60.0
5.0
3.0
39.0
30.0
24.0
7.0
1.0
5.0
6.0
16.0
4.0
58.0
3.0
33.0
30.0
2.0
60.0
41.0
51.0
13.0
15.0
10.0
1.0
14.0
3.0
4.0
1.0
1.0
---
_4_or_more_cars_or_vans_in_household
4.0
2.0
1.0
2.0
14.0
0.0
3.0
1.0
8.0
2.0
7.0
0.0
2.0
0.0
3.0
0.0
8.0
7.0
24.0
1.0
21.0
0.0
5.0
26.0
5.0
1.0
8.0
2.0
1.0
2.0
1.0
5.0
8.0
1.0
0.0
0.0
3.0
10.0
2.0
4.0
14.0
50.0
3.0
2.0
6.0
0.0
5.0
0.0
0.0
1.0
1.0
2.0
9.0
10.0
9.0
21.0
0.0
1.0
2.0
5.0
1.0
0.0
12.0
3.0
2.0
10.0
6.0
1.0
1.0
2.0
4.0
4.0
5.0
4.0
7.0
0.0
2.0
0.0
0.0
10.0
0.0
2.0
1.0
14.0
2.0
0.0
4.0
0.0
5.0
8.0
6.0
3.0
15.0
6.0
9.0
6.0
2.0
5.0
1.0
2.0
1.0
5.0
2.0
1.0
0.0
2.0
1.0
3.0
2.0
33.0
1.0
1.0
7.0
22.0
0.0
1.0
6.0
5.0
8.0
1.0
3.0
0.0
1.0
4.0
0.0
19.0
3.0
4.0
13.0
1.0
13.0
13.0
20.0
2.0
4.0
2.0
0.0
4.0
0.0
1.0
0.0
0.0
---
christian
543.0
786.0
934.0
778.0
896.0
685.0
495.0
764.0
983.0
662.0
809.0
1066.0
963.0
689.0
294.0
1068.0
1884.0
871.0
735.0
1064.0
998.0
601.0
925.0
958.0
890.0
759.0
1119.0
867.0
919.0
693.0
875.0
437.0
983.0
535.0
1109.0
878.0
947.0
1165.0
812.0
779.0
1141.0
610.0
514.0
1140.0
1005.0
532.0
1062.0
889.0
821.0
774.0
895.0
837.0
545.0
806.0
907.0
1014.0
689.0
1151.0
1039.0
958.0
823.0
786.0
804.0
1269.0
966.0
816.0
940.0
433.0
931.0
929.0
886.0
936.0
905.0
880.0
845.0
758.0
726.0
609.0
714.0
931.0
668.0
1399.0
645.0
885.0
926.0
841.0
971.0
793.0
903.0
1078.0
693.0
1229.0
1029.0
592.0
648.0
1085.0
662.0
695.0
802.0
501.0
1036.0
840.0
825.0
1053.0
926.0
867.0
1032.0
925.0
872.0
879.0
865.0
892.0
1051.0
572.0
882.0
590.0
994.0
1025.0
891.0
783.0
572.0
667.0
767.0
847.0
1054.0
920.0
1150.0
984.0
494.0
1072.0
1091.0
943.0
1030.0
586.0
730.0
607.0
669.0
861.0
801.0
869.0
746.0
342.0
---
buddhist
12.0
22.0
29.0
36.0
23.0
38.0
12.0
42.0
12.0
22.0
25.0
72.0
41.0
19.0
5.0
37.0
25.0
17.0
6.0
8.0
14.0
14.0
3.0
22.0
21.0
13.0
22.0
64.0
8.0
18.0
26.0
21.0
12.0
10.0
14.0
12.0
15.0
7.0
14.0
6.0
21.0
11.0
26.0
28.0
26.0
20.0
39.0
38.0
3.0
27.0
8.0
7.0
24.0
7.0
10.0
6.0
36.0
23.0
104.0
31.0
7.0
31.0
6.0
24.0
9.0
9.0
14.0
9.0
3.0
18.0
29.0
11.0
20.0
11.0
7.0
34.0
23.0
43.0
42.0
8.0
11.0
34.0
22.0
13.0
64.0
28.0
20.0
24.0
10.0
74.0
30.0
21.0
0.0
11.0
12.0
29.0
22.0
16.0
14.0
14.0
6.0
2.0
2.0
30.0
34.0
10.0
40.0
16.0
14.0
12.0
27.0
16.0
13.0
4.0
15.0
4.0
8.0
5.0
4.0
20.0
39.0
21.0
9.0
130.0
19.0
15.0
43.0
18.0
14.0
23.0
5.0
10.0
12.0
5.0
6.0
17.0
47.0
7.0
10.0
22.0
10.0
17.0
---
hindu
16.0
9.0
62.0
10.0
106.0
13.0
7.0
75.0
24.0
3.0
54.0
23.0
4.0
8.0
377.0
15.0
35.0
58.0
123.0
18.0
88.0
7.0
32.0
142.0
75.0
12.0
24.0
108.0
13.0
14.0
17.0
193.0
24.0
7.0
5.0
15.0
33.0
18.0
39.0
58.0
80.0
277.0
53.0
25.0
56.0
268.0
278.0
10.0
9.0
25.0
11.0
11.0
418.0
29.0
20.0
46.0
26.0
12.0
23.0
50.0
19.0
12.0
68.0
7.0
91.0
35.0
7.0
19.0
38.0
26.0
96.0
15.0
25.0
130.0
164.0
23.0
26.0
81.0
12.0
70.0
228.0
164.0
55.0
34.0
78.0
35.0
38.0
9.0
23.0
735.0
269.0
101.0
10.0
74.0
152.0
79.0
155.0
310.0
28.0
230.0
18.0
89.0
39.0
90.0
8.0
19.0
139.0
37.0
38.0
178.0
36.0
22.0
52.0
248.0
42.0
42.0
54.0
65.0
263.0
87.0
23.0
7.0
55.0
481.0
12.0
102.0
37.0
29.0
266.0
24.0
7.0
7.0
52.0
17.0
47.0
603.0
29.0
170.0
11.0
17.0
4.0
7.0
---
jewish
47.0
11.0
5.0
52.0
55.0
36.0
13.0
9.0
22.0
33.0
1.0
2.0
1.0
11.0
3.0
8.0
0.0
15.0
61.0
0.0
0.0
21.0
20.0
80.0
73.0
4.0
27.0
19.0
3.0
12.0
19.0
0.0
22.0
31.0
3.0
4.0
5.0
19.0
2.0
1.0
10.0
155.0
16.0
16.0
2.0
4.0
4.0
12.0
2.0
27.0
10.0
4.0
25.0
76.0
0.0
3.0
30.0
13.0
1.0
24.0
0.0
5.0
21.0
1.0
5.0
9.0
23.0
13.0
2.0
7.0
2.0
7.0
6.0
1.0
5.0
9.0
11.0
50.0
25.0
3.0
0.0
5.0
192.0
1.0
4.0
8.0
4.0
10.0
0.0
9.0
19.0
4.0
2.0
118.0
1.0
1.0
0.0
9.0
10.0
1.0
1.0
2.0
6.0
6.0
2.0
0.0
4.0
0.0
17.0
6.0
26.0
2.0
6.0
1.0
5.0
1.0
3.0
9.0
36.0
2.0
10.0
9.0
38.0
0.0
4.0
18.0
0.0
0.0
6.0
5.0
8.0
3.0
136.0
2.0
3.0
0.0
4.0
2.0
15.0
12.0
6.0
1.0
---
muslim
117.0
255.0
449.0
71.0
156.0
85.0
92.0
399.0
34.0
80.0
41.0
192.0
90.0
354.0
934.0
230.0
216.0
338.0
185.0
243.0
242.0
288.0
26.0
129.0
184.0
128.0
162.0
295.0
48.0
137.0
71.0
774.0
34.0
162.0
226.0
391.0
77.0
65.0
50.0
76.0
50.0
137.0
782.0
72.0
99.0
320.0
331.0
407.0
128.0
554.0
57.0
221.0
684.0
47.0
37.0
16.0
173.0
129.0
265.0
258.0
168.0
161.0
133.0
280.0
160.0
354.0
35.0
189.0
274.0
101.0
109.0
28.0
74.0
136.0
101.0
102.0
159.0
150.0
241.0
58.0
131.0
696.0
84.0
46.0
222.0
333.0
130.0
226.0
48.0
526.0
300.0
695.0
12.0
329.0
353.0
181.0
310.0
230.0
159.0
917.0
300.0
263.0
580.0
556.0
204.0
201.0
353.0
313.0
185.0
61.0
255.0
320.0
88.0
676.0
247.0
97.0
32.0
54.0
174.0
162.0
614.0
486.0
172.0
381.0
213.0
54.0
381.0
56.0
343.0
190.0
21.0
35.0
93.0
88.0
378.0
757.0
118.0
204.0
240.0
87.0
240.0
1209.0
---
sikh
6.0
3.0
2.0
1.0
8.0
0.0
4.0
12.0
6.0
5.0
4.0
4.0
9.0
11.0
66.0
2.0
3.0
0.0
5.0
34.0
87.0
20.0
1.0
0.0
18.0
0.0
3.0
10.0
1.0
3.0
1.0
79.0
6.0
3.0
0.0
9.0
7.0
1.0
2.0
9.0
6.0
22.0
5.0
6.0
12.0
7.0
100.0
31.0
0.0
6.0
3.0
1.0
233.0
4.0
6.0
3.0
3.0
3.0
0.0
1.0
0.0
0.0
28.0
4.0
1.0
11.0
1.0
5.0
4.0
5.0
35.0
17.0
2.0
2.0
10.0
1.0
0.0
12.0
19.0
4.0
6.0
22.0
5.0
6.0
54.0
8.0
32.0
9.0
0.0
37.0
1.0
2.0
8.0
5.0
196.0
1.0
9.0
16.0
1.0
28.0
4.0
7.0
17.0
54.0
6.0
6.0
26.0
1.0
5.0
0.0
6.0
8.0
7.0
334.0
7.0
10.0
0.0
16.0
2.0
62.0
5.0
5.0
7.0
83.0
2.0
19.0
3.0
2.0
322.0
6.0
1.0
8.0
7.0
1.0
13.0
91.0
1.0
2.0
2.0
2.0
1.0
4.0
---
other_religion
6.0
8.0
13.0
12.0
69.0
1.0
2.0
7.0
7.0
12.0
2.0
20.0
5.0
9.0
13.0
7.0
5.0
7.0
21.0
5.0
7.0
8.0
5.0
35.0
27.0
7.0
5.0
7.0
7.0
9.0
10.0
3.0
7.0
11.0
14.0
4.0
9.0
5.0
3.0
10.0
11.0
46.0
4.0
7.0
9.0
10.0
6.0
13.0
6.0
19.0
6.0
11.0
9.0
18.0
7.0
5.0
18.0
14.0
10.0
29.0
11.0
13.0
11.0
6.0
12.0
9.0
5.0
12.0
7.0
8.0
2.0
5.0
11.0
6.0
3.0
5.0
2.0
12.0
11.0
1.0
2.0
11.0
16.0
8.0
6.0
8.0
8.0
4.0
8.0
25.0
7.0
18.0
6.0
7.0
8.0
4.0
4.0
19.0
12.0
7.0
7.0
3.0
10.0
5.0
11.0
9.0
7.0
1.0
14.0
2.0
13.0
8.0
11.0
5.0
11.0
12.0
1.0
1.0
28.0
17.0
7.0
10.0
5.0
2.0
15.0
5.0
8.0
5.0
5.0
13.0
3.0
4.0
23.0
7.0
7.0
5.0
5.0
6.0
10.0
7.0
10.0
2.0
---
no_religion
328.0
210.0
469.0
984.0
220.0
389.0
593.0
406.0
556.0
732.0
456.0
569.0
318.0
276.0
36.0
434.0
396.0
313.0
204.0
229.0
371.0
487.0
631.0
204.0
369.0
656.0
524.0
371.0
533.0
501.0
484.0
80.0
556.0
632.0
356.0
288.0
538.0
496.0
412.0
234.0
455.0
163.0
683.0
681.0
360.0
241.0
192.0
503.0
336.0
321.0
714.0
337.0
90.0
389.0
507.0
333.0
435.0
833.0
397.0
309.0
342.0
445.0
301.0
316.0
403.0
243.0
379.0
426.0
328.0
771.0
439.0
557.0
483.0
292.0
288.0
439.0
394.0
735.0
539.0
248.0
152.0
500.0
534.0
286.0
452.0
417.0
425.0
330.0
486.0
288.0
165.0
266.0
313.0
206.0
201.0
304.0
320.0
180.0
452.0
78.0
260.0
177.0
178.0
388.0
269.0
411.0
413.0
199.0
359.0
233.0
790.0
240.0
505.0
98.0
456.0
472.0
385.0
366.0
201.0
412.0
517.0
455.0
387.0
217.0
427.0
211.0
245.0
435.0
99.0
479.0
376.0
465.0
206.0
358.0
240.0
73.0
422.0
236.0
273.0
637.0
209.0
122.0
---

