RADIUS
1595.59521963107
8403.9531952569
3524.47219995301
3245.96667533997
3360.4958292277
3491.54433097747
739.214070305976
3226.45227840436
2061.42999728832
1032.58517403262
3006.10569773548
3246.12352163966
5431.74827724557
5007.50448195859
5967.05112151158
869.030538379317
8374.5536191355
5460.5253212562
5451.93271263146
4164.97648827663
1607.6096139352
429.952556438487
2401.53554886294
2500.30794857686
6128.48511493756
4883.91219029859
2521.34667452137
2281.31656654933
502.316640493887
2109.54618934328
925.174663423223
1301.64637527517
3010.41129380262
1477.65655474893
1734.63623474981
2914.93977893126
LIST TOTAL MOVEMENT
1710644.49348775
4433065.02200829
2067726.33025843
2152839.47638092
1874844.47862217
903582.134885123
179263.101378513
857067.717589679
875021.54155522
1167476.01304583
1031499.60605016
1775521.63365779
3387034.55168178
459134.469255519
6810685.80006734
481112.260730664
3991742.44395368
2325205.89140359
3614802.79597571
1805314.7283975
1021821.93865838
203059.551834222
1917746.2768848
1276545.13430894
1888174.70889985
2001482.1316768
994635.502481703
858660.448903043
247467.600183573
1286118.76825207
1428183.00564059
655274.942755321
1481487.35263346
1352142.89290839
2560798.03732081
767045.020332452
NUMBER OF MESSAGES
5001.0
6481.0
5424.0
5278.0
12302.0
8063.0
5000.0
7901.0
5081.0
10357.0
5672.0
5436.0
12074.0
5895.0
5674.0
6461.0
5713.0
6396.0
6540.0
5360.0
8467.0
8314.0
11811.0
5757.0
5674.0
7028.0
8191.0
17978.0
7153.0
5341.0
21971.0
8983.0
7344.0
11927.0
5790.0
8989.0
NUMBER OF DISPLACEMENTS
836.0
980.0
1174.0
1032.0
3519.0
891.0
130.0
357.0
965.0
4253.0
478.0
1189.0
2538.0
142.0
1781.0
402.0
3071.0
822.0
3978.0
672.0
1371.0
200.0
2494.0
1037.0
897.0
1290.0
706.0
1388.0
628.0
720.0
1920.0
465.0
1069.0
3269.0
1421.0
1231.0
DISPLACEMENTS PER DAY MEDIAN
4.66025641025641
6.96268656716418
7.15894039735099
9.06363636363636
42.962962962963
12.5714285714286
3.93333333333333
2.74766355140187
10.7764705882353
30.8518518518519
6.18055555555556
8.64615384615385
19.864
2.21428571428571
10.4935064935065
3.75510204081633
36.2771084337349
7.96969696969697
32.2916666666667
10.0
16.3253012048193
4.17021276595745
13.3296703296703
10.1836734693878
10.775
16.972972972973
12.0877192982456
21.8730158730159
10.6491228070175
8.94666666666667
18.6138613861386
6.09333333333333
9.08928571428571
23.0714285714286
9.96296296296296
19.8833333333333
DISTANCE DISPLACEMENT MEDIAN
2022.01622604695
4475.2407684202
1737.47763467009
2047.55565008448
501.915157578245
982.494016846535
1149.90678785819
2235.41895597555
863.04651498908
265.36297066669
2077.97783820487
1467.77928682363
1297.42642368483
2796.56505527759
3823.30525272556
1105.24659682011
1293.85789211002
2802.74819554457
901.071013200269
2643.94394877415
698.854197135944
893.788701331508
739.097031988229
1174.88396372381
2037.81216781159
1515.17799065463
1304.63272221412
582.770671558194
314.120650391784
1726.26916122106
705.395213442879
1350.5634905762
1338.83309450537
393.843386393015
1790.45777591915
597.564072347807
MEDIAN PRICES
2.0
2.0
2.0
1.0
1.0
1.0
1.0
2.0
2.0
1.0
1.0
2.0
1.0
2.0
2.0
1.0
1.0
2.0
1.0
2.0
2.0
2.0
2.0
2.0
1.0
1.0
1.0
1.0
1.0
2.0
1.0
1.0
1.0
1.0
1.0
2.0
---
--------------HERE WE START THE SOCIAL VARIABLES--------------
age_structure_all_ages
1440.0
1631.0
1490.0
1490.0
2723.0
1611.0
1905.0
1603.0
1750.0
1692.0
1672.0
1622.0
1659.0
1728.0
1824.0
1937.0
1639.0
1932.0
1547.0
1508.0
1492.0
2123.0
1579.0
1817.0
1535.0
1678.0
1779.0
1813.0
1555.0
1588.0
1983.0
1628.0
2329.0
2000.0
1647.0
1586.0
---
age_structure_0_15
243.0
283.0
285.0
272.0
896.0
360.0
400.0
313.0
260.0
261.0
246.0
128.0
533.0
386.0
401.0
328.0
276.0
338.0
218.0
282.0
343.0
530.0
182.0
495.0
338.0
353.0
248.0
397.0
339.0
283.0
431.0
389.0
423.0
367.0
334.0
256.0
---
age_structure_16_29
273.0
313.0
409.0
227.0
537.0
362.0
438.0
430.0
398.0
434.0
427.0
507.0
363.0
436.0
304.0
375.0
273.0
330.0
249.0
522.0
302.0
452.0
464.0
375.0
190.0
256.0
474.0
448.0
353.0
392.0
365.0
326.0
721.0
644.0
303.0
383.0
---
age_structure_30_44
372.0
387.0
376.0
500.0
751.0
440.0
453.0
459.0
603.0
473.0
513.0
512.0
431.0
357.0
511.0
507.0
305.0
477.0
215.0
479.0
403.0
464.0
441.0
386.0
341.0
411.0
519.0
484.0
375.0
386.0
632.0
452.0
712.0
554.0
329.0
434.0
---
age_structure_45_64
325.0
370.0
302.0
326.0
460.0
333.0
389.0
297.0
355.0
388.0
298.0
233.0
257.0
350.0
459.0
424.0
331.0
513.0
556.0
185.0
343.0
454.0
331.0
381.0
426.0
343.0
359.0
369.0
324.0
355.0
398.0
313.0
366.0
266.0
363.0
348.0
---
age_structure_65_plus
227.0
278.0
118.0
165.0
79.0
116.0
225.0
104.0
134.0
167.0
116.0
242.0
75.0
199.0
149.0
303.0
126.0
274.0
309.0
40.0
101.0
223.0
161.0
180.0
240.0
315.0
179.0
115.0
164.0
172.0
157.0
148.0
107.0
169.0
318.0
165.0
---
age_structure_working_age
970.0
1070.0
1087.0
1053.0
1748.0
1135.0
1280.0
1186.0
1356.0
1310.0
1310.0
1252.0
1051.0
1143.0
1274.0
1306.0
1017.0
1320.0
1020.0
1186.0
1048.0
1370.0
1236.0
1142.0
957.0
1010.0
1352.0
1301.0
1052.0
1133.0
1395.0
1091.0
1799.0
1464.0
995.0
1165.0
---
persons_per_hectare
365.346534653465
41.4972731779871
98.6037234042553
85.6826976229961
99.5226730310263
83.1331331331331
60.2265575833858
154.674220963173
88.5591191957875
211.04513064133
102.728351126928
114.520202020202
170.10101010101
87.1966959215281
118.591370558376
52.3155216284987
89.2602739726027
41.0537190082645
3.90910494621442
40.6432067117222
117.720530835285
84.8915187376726
100.533689126084
65.5761024182077
50.5972130059721
77.8338687471317
172.294776119403
176.068376068376
139.72850678733
27.1516393442623
89.6086956521739
161.411992263056
152.148322542672
47.4464204286366
62.9725722757598
107.88409703504
---
all_households
757.0
588.0
632.0
675.0
890.0
752.0
641.0
628.0
772.0
905.0
789.0
807.0
475.0
588.0
734.0
870.0
514.0
864.0
636.0
638.0
655.0
600.0
704.0
631.0
622.0
735.0
869.0
759.0
680.0
571.0
809.0
635.0
964.0
806.0
637.0
578.0
---
couple_household_with_dependent_children
82.0
124.0
70.0
148.0
273.0
126.0
141.0
93.0
113.0
81.0
73.0
63.0
139.0
107.0
149.0
132.0
99.0
167.0
134.0
99.0
82.0
184.0
91.0
127.0
137.0
111.0
66.0
95.0
75.0
123.0
169.0
105.0
142.0
96.0
116.0
97.0
---
couple_household_without_dependent_children
116.0
205.0
79.0
205.0
144.0
145.0
167.0
102.0
168.0
196.0
165.0
173.0
56.0
105.0
135.0
204.0
104.0
264.0
231.0
113.0
100.0
130.0
149.0
114.0
176.0
149.0
135.0
91.0
81.0
145.0
173.0
98.0
157.0
153.0
176.0
139.0
---
one_person_household
377.0
126.0
227.0
212.0
173.0
294.0
131.0
177.0
284.0
394.0
348.0
322.0
70.0
144.0
235.0
326.0
119.0
301.0
191.0
262.0
234.0
96.0
265.0
134.0
206.0
286.0
403.0
272.0
276.0
123.0
232.0
196.0
338.0
250.0
192.0
148.0
---
white
918.0
1005.0
740.0
1368.0
993.0
1023.0
1220.0
830.0
1115.0
1200.0
1133.0
1314.0
304.0
868.0
1012.0
1551.0
579.0
1488.0
924.0
393.0
614.0
429.0
1032.0
1056.0
1347.0
1054.0
913.0
997.0
732.0
660.0
1188.0
702.0
1176.0
1106.0
1350.0
756.0
---
mixed_multiple_ethnic_groups
94.0
60.0
96.0
41.0
132.0
151.0
72.0
118.0
116.0
74.0
95.0
64.0
69.0
126.0
221.0
90.0
110.0
88.0
42.0
94.0
165.0
75.0
73.0
129.0
86.0
126.0
128.0
142.0
104.0
73.0
131.0
120.0
140.0
115.0
34.0
71.0
---
asian_asian_british
224.0
372.0
173.0
59.0
138.0
158.0
440.0
244.0
115.0
207.0
169.0
145.0
1037.0
193.0
96.0
121.0
142.0
220.0
533.0
535.0
73.0
1342.0
197.0
237.0
56.0
94.0
185.0
223.0
115.0
614.0
299.0
162.0
756.0
548.0
141.0
470.0
---
black_african_caribbean_black_british
100.0
120.0
387.0
8.0
1418.0
239.0
109.0
355.0
356.0
83.0
185.0
57.0
285.0
346.0
445.0
120.0
362.0
97.0
30.0
399.0
605.0
181.0
85.0
334.0
19.0
388.0
494.0
351.0
541.0
148.0
303.0
584.0
189.0
196.0
114.0
247.0
---
united_kingdom
836.0
930.0
721.0
1208.0
1521.0
1206.0
1388.0
972.0
1174.0
904.0
1070.0
917.0
820.0
1015.0
1203.0
1340.0
899.0
1472.0
1049.0
603.0
977.0
1104.0
724.0
1206.0
1137.0
1178.0
1070.0
921.0
1041.0
694.0
1300.0
717.0
1399.0
1345.0
1414.0
765.0
---
not_united_kingdom
604.0
701.0
769.0
282.0
1202.0
405.0
517.0
631.0
576.0
705.0
622.0
705.0
839.0
713.0
621.0
597.0
394.0
460.0
498.0
905.0
515.0
1019.0
855.0
611.0
398.0
500.0
709.0
892.0
514.0
894.0
683.0
911.0
930.0
655.0
233.0
821.0
---
median_price
305000.0
418750.0
279500.0
333750.0
166500.0
210000.0
249950.0
330000.0
463000.0
684000.0
399950.0
412500.0
217500.0
360000.0
226000.0
361750.0
225000.0
468000.0
885000.0
240000.0
249000.0
250000.0
630000.0
235000.0
990000.0
230000.0
280000.0
222500.0
250000.0
287450.0
232500.0
191000.0
272500.0
249997.5
198000.0
245000.0
---
sales
12.0
24.0
6.0
36.0
12.0
17.0
19.0
17.0
30.0
41.0
22.0
126.0
10.0
16.0
16.0
60.0
9.0
22.0
13.0
33.0
15.0
11.0
19.0
7.0
28.0
19.0
23.0
22.0
10.0
38.0
34.0
15.0
24.0
24.0
15.0
12.0
---
economically_active_total
738.0
855.0
744.0
961.0
1339.0
949.0
949.0
892.0
1125.0
1031.0
990.0
1116.0
720.0
777.0
1001.0
998.0
779.0
1133.0
794.0
830.0
782.0
983.0
962.0
806.0
760.0
846.0
1019.0
910.0
725.0
855.0
1150.0
790.0
1350.0
1104.0
805.0
928.0
---
economically_inactive_total
338.0
369.0
405.0
167.0
459.0
254.0
429.0
350.0
303.0
355.0
332.0
244.0
383.0
465.0
358.0
451.0
310.0
328.0
397.0
377.0
321.0
517.0
345.0
458.0
337.0
306.0
431.0
453.0
412.0
380.0
328.0
390.0
503.0
441.0
359.0
326.0
---
economically_active_employee
538.0
580.0
533.0
718.0
919.0
705.0
715.0
592.0
786.0
770.0
657.0
932.0
426.0
521.0
767.0
717.0
544.0
853.0
510.0
541.0
504.0
655.0
661.0
532.0
501.0
566.0
665.0
582.0
485.0
536.0
828.0
515.0
912.0
762.0
614.0
640.0
---
economically_active_self_employed
104.0
188.0
88.0
199.0
191.0
136.0
92.0
165.0
220.0
181.0
176.0
115.0
142.0
103.0
130.0
176.0
92.0
198.0
236.0
90.0
98.0
164.0
176.0
110.0
190.0
184.0
195.0
172.0
89.0
226.0
204.0
150.0
197.0
122.0
107.0
167.0
---
economically_active_unemployed
71.0
40.0
77.0
24.0
113.0
77.0
62.0
93.0
68.0
67.0
76.0
50.0
93.0
90.0
57.0
47.0
51.0
57.0
24.0
135.0
121.0
80.0
62.0
100.0
58.0
54.0
103.0
90.0
103.0
47.0
72.0
81.0
137.0
124.0
51.0
58.0
---
economically_active_full_time_student
25.0
47.0
46.0
20.0
116.0
31.0
80.0
42.0
51.0
33.0
52.0
19.0
59.0
63.0
47.0
58.0
43.0
25.0
24.0
64.0
59.0
84.0
63.0
64.0
11.0
42.0
56.0
66.0
48.0
46.0
46.0
44.0
104.0
96.0
33.0
63.0
---
employment_rate
59.6654275092937
62.7450980392157
54.0469973890339
81.2943262411348
61.7352614015573
69.9085619285121
58.5631349782293
60.9500805152979
70.4481792717087
65.7451923076923
63.2892804698972
76.9852941176471
51.4959202175884
50.2415458937198
66.0044150110375
61.6287094547964
65.3014789533561
71.937029431896
62.6364399664148
52.2783761391881
54.5784224841342
54.6
64.0397857689365
50.7911392405063
62.9899726526892
65.1041666666667
59.3103448275862
55.3191489361702
50.4837291116975
61.7004048582996
69.8240866035183
56.3559322033898
59.8488936859147
57.2168284789644
61.9415807560137
64.3540669856459
---
unemployment_rate
9.62059620596206
4.67836257309941
10.3494623655914
2.49739854318418
8.43913368185213
8.11380400421496
6.5331928345627
10.4260089686099
6.04444444444444
5.61139028475712
7.67676767676768
4.48028673835125
12.9166666666667
11.5830115830116
5.69430569430569
4.70941883767535
7.63473053892216
5.03089143865843
3.02267002518892
16.2650602409639
15.4731457800512
8.1383519837233
6.44490644490645
12.4069478908189
7.63157894736842
6.38297872340426
10.107948969578
9.89010989010989
14.2068965517241
5.49707602339181
6.26086956521739
10.253164556962
10.1481481481481
11.231884057971
6.33540372670807
6.25
---
no_qualifications
231.0
223.0
280.0
101.0
220.0
165.0
379.0
202.0
163.0
116.0
236.0
136.0
206.0
331.0
238.0
281.0
219.0
125.0
161.0
199.0
255.0
314.0
79.0
370.0
144.0
259.0
316.0
335.0
382.0
229.0
258.0
287.0
343.0
410.0
446.0
250.0
---
highest_level_of_qualification_level_1_qualifications
120.0
125.0
124.0
84.0
255.0
171.0
267.0
93.0
112.0
83.0
97.0
74.0
152.0
157.0
138.0
143.0
154.0
153.0
118.0
118.0
148.0
182.0
91.0
194.0
85.0
121.0
149.0
160.0
157.0
143.0
150.0
160.0
176.0
158.0
204.0
124.0
---
highest_level_of_qualification_level_2_qualifications
109.0
162.0
141.0
124.0
314.0
182.0
218.0
130.0
144.0
117.0
105.0
82.0
140.0
168.0
189.0
172.0
162.0
220.0
181.0
132.0
158.0
193.0
108.0
193.0
109.0
165.0
140.0
169.0
152.0
160.0
184.0
151.0
174.0
149.0
210.0
174.0
---
highest_level_of_qualification_apprenticeship
19.0
21.0
8.0
14.0
22.0
21.0
41.0
11.0
15.0
10.0
18.0
22.0
12.0
25.0
19.0
20.0
22.0
10.0
24.0
12.0
17.0
27.0
7.0
22.0
12.0
15.0
8.0
27.0
14.0
16.0
29.0
12.0
17.0
18.0
38.0
24.0
---
highest_level_of_qualification_level_3_qualifications
104.0
134.0
120.0
121.0
219.0
179.0
170.0
137.0
151.0
123.0
123.0
97.0
114.0
135.0
142.0
157.0
123.0
200.0
134.0
108.0
134.0
198.0
161.0
125.0
125.0
116.0
172.0
120.0
108.0
119.0
147.0
119.0
161.0
157.0
126.0
144.0
---
highest_level_of_qualification_level_4_qualifications_and_abov
493.0
537.0
380.0
723.0
642.0
434.0
298.0
591.0
808.0
870.0
728.0
940.0
369.0
368.0
592.0
690.0
338.0
793.0
638.0
500.0
342.0
505.0
785.0
285.0
649.0
564.0
620.0
402.0
324.0
416.0
594.0
312.0
824.0
597.0
215.0
417.0
---
day_to_day_activities_limited_a_lot
146.0
105.0
142.0
77.0
100.0
84.0
152.0
124.0
103.0
88.0
138.0
103.0
70.0
205.0
131.0
160.0
98.0
73.0
95.0
108.0
134.0
122.0
62.0
132.0
79.0
179.0
202.0
176.0
217.0
97.0
100.0
132.0
157.0
159.0
187.0
127.0
---
day_to_day_activities_limited_a_little
138.0
136.0
149.0
83.0
121.0
112.0
178.0
103.0
108.0
94.0
139.0
128.0
104.0
161.0
133.0
183.0
130.0
133.0
114.0
94.0
114.0
181.0
103.0
160.0
110.0
151.0
157.0
133.0
150.0
99.0
133.0
108.0
173.0
179.0
163.0
121.0
---
day_to_day_activities_not_limited
1156.0
1390.0
1199.0
1330.0
2502.0
1415.0
1575.0
1376.0
1539.0
1415.0
1415.0
1391.0
1485.0
1362.0
1560.0
1594.0
1377.0
1726.0
1338.0
1306.0
1244.0
1820.0
1414.0
1525.0
1346.0
1348.0
1420.0
1504.0
1188.0
1392.0
1750.0
1388.0
1999.0
1662.0
1297.0
1338.0
---
very_good_or_good_health
1121.0
1358.0
1135.0
1330.0
2482.0
1388.0
1527.0
1331.0
1501.0
1368.0
1368.0
1384.0
1427.0
1328.0
1561.0
1596.0
1335.0
1723.0
1315.0
1276.0
1194.0
1745.0
1389.0
1454.0
1335.0
1313.0
1358.0
1458.0
1139.0
1339.0
1717.0
1315.0
1941.0
1625.0
1271.0
1299.0
---
no_cars_or_vans_in_household
556.0
143.0
429.0
159.0
270.0
274.0
151.0
374.0
379.0
482.0
588.0
418.0
171.0
269.0
314.0
327.0
138.0
233.0
91.0
452.0
365.0
141.0
383.0
227.0
178.0
348.0
617.0
479.0
461.0
132.0
310.0
367.0
633.0
473.0
193.0
196.0
---
_1_car_or_van_in_household
175.0
263.0
171.0
352.0
413.0
365.0
272.0
221.0
316.0
235.0
206.0
323.0
217.0
257.0
326.0
405.0
239.0
393.0
191.0
158.0
246.0
277.0
252.0
287.0
274.0
303.0
219.0
243.0
192.0
294.0
416.0
216.0
303.0
277.0
291.0
281.0
---
_2_cars_or_vans_in_household
22.0
140.0
29.0
133.0
162.0
97.0
159.0
31.0
65.0
47.0
24.0
59.0
82.0
58.0
77.0
107.0
78.0
184.0
226.0
20.0
38.0
141.0
55.0
90.0
128.0
70.0
28.0
35.0
24.0
115.0
72.0
47.0
24.0
51.0
116.0
83.0
---
_3_cars_or_vans_in_household
2.0
28.0
3.0
27.0
37.0
12.0
38.0
2.0
11.0
8.0
5.0
6.0
9.0
4.0
14.0
21.0
9.0
40.0
78.0
8.0
6.0
32.0
14.0
22.0
36.0
9.0
5.0
2.0
3.0
24.0
6.0
4.0
1.0
5.0
33.0
14.0
---
_4_or_more_cars_or_vans_in_household
2.0
14.0
0.0
4.0
8.0
4.0
21.0
0.0
1.0
4.0
2.0
1.0
5.0
0.0
3.0
10.0
3.0
14.0
50.0
0.0
0.0
9.0
0.0
5.0
6.0
5.0
0.0
0.0
0.0
6.0
5.0
1.0
3.0
0.0
4.0
4.0
---
christian
786.0
896.0
689.0
810.0
1884.0
810.0
998.0
601.0
759.0
890.0
693.0
875.0
437.0
878.0
947.0
1165.0
779.0
1141.0
610.0
532.0
821.0
545.0
689.0
958.0
940.0
905.0
714.0
841.0
793.0
693.0
980.0
892.0
572.0
667.0
984.0
861.0
---
buddhist
22.0
23.0
19.0
10.0
25.0
9.0
14.0
14.0
13.0
22.0
22.0
26.0
21.0
12.0
15.0
7.0
6.0
21.0
11.0
20.0
3.0
24.0
36.0
31.0
14.0
20.0
42.0
28.0
24.0
30.0
20.0
16.0
39.0
21.0
18.0
7.0
---
hindu
9.0
106.0
8.0
13.0
35.0
46.0
88.0
7.0
12.0
24.0
14.0
17.0
193.0
15.0
33.0
18.0
58.0
80.0
277.0
268.0
9.0
418.0
26.0
50.0
7.0
25.0
12.0
35.0
9.0
269.0
66.0
22.0
23.0
7.0
29.0
170.0
---
jewish
11.0
55.0
11.0
3.0
0.0
2.0
0.0
21.0
4.0
12.0
12.0
19.0
1.0
4.0
5.0
19.0
1.0
10.0
155.0
4.0
2.0
25.0
30.0
24.0
23.0
6.0
25.0
8.0
10.0
19.0
12.0
2.0
10.0
9.0
0.0
2.0
---
muslim
255.0
156.0
354.0
17.0
216.0
98.0
242.0
288.0
128.0
162.0
137.0
71.0
774.0
391.0
77.0
65.0
76.0
50.0
137.0
320.0
128.0
684.0
173.0
258.0
35.0
74.0
241.0
333.0
226.0
300.0
277.0
320.0
614.0
486.0
56.0
204.0
---
sikh
3.0
8.0
11.0
3.0
3.0
8.0
87.0
20.0
0.0
3.0
3.0
1.0
79.0
9.0
7.0
1.0
9.0
6.0
22.0
7.0
0.0
233.0
3.0
1.0
1.0
2.0
19.0
8.0
9.0
1.0
12.0
8.0
5.0
5.0
2.0
2.0
---
other_religion
8.0
69.0
9.0
5.0
5.0
15.0
7.0
8.0
7.0
5.0
9.0
10.0
3.0
4.0
9.0
5.0
10.0
11.0
46.0
10.0
6.0
9.0
18.0
29.0
5.0
11.0
11.0
8.0
4.0
7.0
6.0
8.0
7.0
10.0
5.0
6.0
---
no_religion
210.0
220.0
276.0
497.0
396.0
489.0
371.0
487.0
656.0
415.0
501.0
484.0
80.0
288.0
538.0
496.0
234.0
455.0
163.0
241.0
336.0
90.0
435.0
309.0
379.0
483.0
539.0
417.0
330.0
165.0
444.0
240.0
517.0
455.0
435.0
236.0
---

