RADIUS
7657.824296390755
2078.5930342517054
11.261423681089951
1071.8825058124403
9405.22371627148
929.5082120079514
1999.430953747706
739.1162346958298
5482.277755454902
2266.185537090887
3855.839028721882
3440.156838137678
2624.733809514668
3175.733409869581
615.6687540025681
4061.4939278069255
546.8507451846889
4484.963484769652
2136.5273236134544
2580.787598250928
100.3999291255308
230.7977965051485
136.146620078137
281.13421025953687
1170.1744160218302
656.7883147755343
3357.752507693006
5369.187404010783
3226.2754007506896
1708.6777468308092
771.4602236848172
1690.891299024516
1227.010226078323
3780.9117908329317
2757.1766034494995
2912.7121116301314
6494.344734980624
2401.9858894153213
3799.335443196678
277.73717460670684
4347.174178108808
7866.8894924084625
1028.2568629658074
268.47619317283073
2011.3178153471133
9009.588125563681
3560.775684927761
586.7708264062346
4551.344416210248
324.6577559870409
778.1136317574527
2832.1290364386678
4244.140566157853
3527.844928871466
7393.186030572246
739.0184587846974
17.819697316391917
1724.3183883533707
3007.5340821489067
1464.3401292009191
1908.0479439892752
255.1708944393034
2024.407965783606
488.4936805369954
3453.311501052413
1521.6036712457296
2192.621959439864
183.51005813264442
3247.597072455111
1073.7314684870355
1708.5959905082711
413.0412196256791
56.18627005860587
1122.6582334133498
4094.9569838341467
114.77502219333482
6880.190074737612
5916.6572507582905
9296.967199369012
13.57441820739021
3617.3764881728944
832.8433720009754
2625.3490961654365
12.134805299640524
1903.6043623046585
4958.964892084762
8076.2258671213785
7128.040918471194
2148.094509488018
1071.5856830355424
1568.1388532893343
218.6230191380842
1432.6817732224215
2121.5889278404225
818.7732516051051
458.1467480807503
1816.054843750874
3806.5281449412714
2767.8570863404384
845.5154870053415
216.09740435430803
110.58008933259016
955.221058309427
2713.571432255716
488.2058923432338
929.6270279043721
640.1507219560451
2013.7564578038146
2224.885124309627
27.643876741752127
15.130382021216702
600.7434846221639
3426.9038899139587
737.6410422228905
1164.335766201929
929.5949456950775
722.9849331628965
134.69482533897084
2442.6935664542116
3.1914780389154487
5015.865076362362
549.3974551475928
664.0418808616253
3138.4518545335577
897.2755281558503
2635.9372644505866
3839.6118991089065
759.4173834063744
1630.0347062824271
786.5045758398642
3395.917314292921
10493.157715297835
243.99738895322793
1100.1969152018949
262.2250588609164
501.57778351871787
737.7002141268302
22.69164835754684
2166.631745132596
1237.7277273916065
209.04962497493594
10.69710347757268
1203.8011701758041
542.7340657067713
13.795968329142234
13.663612922360697
710.74230871051
2035.6873632363358
1070.390112693128
16.077875876311865
2357.2075570325483
2798.9667331952
354.5795911714439
1063.4711975810815
101.63856838928831
2366.2193726712567
132.64451641530184
715.3249049597338
LIST TOTAL MOVEMENT
910287.799825445
435542.4084922923
4490.528965388068
42673.938470826084
863403.2126263129
53447.60576327305
209608.14170936466
34847.80428662106
198244.83652013566
167611.6783091643
232237.48303907822
152936.5817744933
87289.34658946154
354467.90423289343
48910.04958656851
258591.33690860376
34003.1112844908
167043.18093000771
215327.9628421114
127954.56035126922
17150.936117704703
16001.906557740884
40385.83841567076
30614.294893650167
110817.20202050479
19355.916694963682
170738.72848202294
276703.1266595878
307167.5971589409
139675.91428369217
212308.75795787788
98768.31777557799
129900.41427893587
256631.48841815157
292691.5883569047
407776.37319935556
399149.12714128336
181728.3061830458
165707.48596866775
9057.525962603233
159054.88818787245
929750.5443653306
96293.76499211951
19090.860062873693
155884.04387060934
762016.6164396895
88877.79671883168
70582.31942268116
696919.7115714133
39174.41533664842
121290.29530070722
79696.15657585191
227911.09755354183
284505.35922384204
646679.375577702
124147.11807348055
8177.575670934154
127455.62500371065
118311.23878425443
86845.68414157013
149988.8828595821
47892.23363027964
221078.98952163526
46274.22437966373
135208.98104828908
237436.84430803632
77432.58315771184
23008.817902197086
266799.79657752387
123788.82153175074
91914.94502652583
18017.71373945618
6430.4209981934055
159797.4261354533
301653.0021562779
20188.378463239642
233259.60401867112
189894.4753778774
328228.01688688964
4901.199080177796
364866.6290005055
13825.47661999829
73199.53776683776
6873.083031455972
112257.64023585143
282031.03672151244
252077.8376441477
686348.6704521112
164781.2151245103
55802.97628399613
78780.24929932808
43870.34941459226
72352.35943242349
245736.76796446662
60660.8130110817
72196.6708524289
125418.8446408244
217798.56111225652
198273.7333556186
105753.2258247133
34373.00368766149
14902.45743791606
47223.16869549725
334140.1832789159
50385.55626248829
77039.56939372029
51307.24760478412
83744.91571638416
124951.85485898671
3005.8603440078055
6009.513874307845
5942.342187579514
115998.71729765067
116539.06216547552
60034.955699475155
211161.35119238653
47921.40235456188
6975.298319254152
162868.18992087553
550.8478726961106
225103.47846836312
39611.14524443942
48405.768804539584
213831.10265488873
110038.59050501078
188384.7553610205
284864.2782096417
51651.5351569567
37535.34077880192
35487.064017326455
26209.997105553764
31083.696642574712
175677.4411622257
161618.33009858214
136314.1345586556
48354.91325415965
37148.69294797094
6474.203760395366
53315.78621441845
147411.40387173666
6295.277456608044
8240.67084732573
467467.43369113695
172665.9190965901
2672.135440521968
7193.212707694472
53272.56708417328
145290.79924845244
30311.935974665415
8737.45446460705
160606.73062981633
248244.3709350014
92635.31554263376
20300.870340382015
15369.319973108812
106643.30576798166
15912.909406991637
61198.3312023425
NUMBER OF MESSAGES
876.0
920.0
404.0
838.0
805.0
481.0
913.0
439.0
489.0
586.0
504.0
494.0
968.0
917.0
836.0
770.0
1043.0
622.0
2115.0
487.0
1302.0
742.0
701.0
965.0
1370.0
270.0
581.0
793.0
457.0
978.0
1747.0
832.0
586.0
762.0
1096.0
2721.0
840.0
371.0
418.0
325.0
809.0
451.0
1116.0
890.0
641.0
1208.0
500.0
1442.0
1288.0
635.0
597.0
800.0
758.0
805.0
719.0
1229.0
907.0
418.0
547.0
505.0
597.0
1607.0
784.0
477.0
501.0
2965.0
665.0
761.0
669.0
912.0
778.0
717.0
788.0
605.0
609.0
627.0
1244.0
264.0
756.0
460.0
855.0
311.0
945.0
798.0
805.0
1123.0
882.0
852.0
403.0
683.0
544.0
1796.0
954.0
894.0
286.0
691.0
1083.0
505.0
4157.0
1174.0
1632.0
761.0
573.0
1056.0
793.0
607.0
479.0
545.0
824.0
636.0
1151.0
534.0
746.0
756.0
350.0
4247.0
552.0
590.0
1388.0
241.0
958.0
427.0
578.0
1186.0
1700.0
528.0
754.0
670.0
328.0
604.0
733.0
846.0
867.0
1126.0
2242.0
1059.0
715.0
610.0
712.0
1073.0
108.0
740.0
1395.0
788.0
324.0
688.0
815.0
1002.0
446.0
508.0
582.0
487.0
2249.0
699.0
559.0
891.0
658.0
853.0
NUMBER OF DISPLACEMENTS
144.0
183.0
6.0
11.0
175.0
79.0
87.0
31.0
68.0
37.0
85.0
56.0
21.0
160.0
10.0
119.0
12.0
73.0
343.0
41.0
39.0
7.0
124.0
28.0
61.0
19.0
109.0
98.0
89.0
103.0
734.0
8.0
37.0
63.0
171.0
486.0
102.0
97.0
89.0
2.0
19.0
163.0
83.0
17.0
209.0
620.0
36.0
34.0
714.0
11.0
110.0
30.0
86.0
119.0
183.0
158.0
7.0
82.0
93.0
57.0
75.0
72.0
63.0
112.0
36.0
281.0
22.0
20.0
68.0
78.0
34.0
9.0
6.0
215.0
56.0
30.0
72.0
50.0
128.0
9.0
339.0
9.0
48.0
6.0
121.0
184.0
53.0
111.0
76.0
51.0
47.0
53.0
65.0
186.0
49.0
129.0
32.0
64.0
300.0
53.0
117.0
19.0
36.0
136.0
11.0
56.0
42.0
13.0
27.0
6.0
2.0
4.0
41.0
141.0
22.0
289.0
31.0
6.0
84.0
0.0
260.0
49.0
48.0
97.0
80.0
112.0
15.0
7.0
46.0
34.0
1.0
3.0
519.0
119.0
560.0
77.0
36.0
2.0
9.0
134.0
12.0
5.0
274.0
304.0
2.0
9.0
11.0
44.0
5.0
3.0
65.0
136.0
241.0
12.0
40.0
46.0
36.0
21.0
DISPLACEMENTS PER DAY MEDIAN
5.166666666666667
5.851851851851852
1.0
2.2
6.52
5.666666666666667
4.764705882352941
4.166666666666667
4.6923076923076925
3.0
5.714285714285714
2.9375
2.5
6.3478260869565215
2.6666666666666665
9.5
2.4
5.538461538461538
33.8
3.1818181818181817
4.333333333333333
3.5
15.25
4.5
2.8333333333333335
2.8333333333333335
7.071428571428571
7.25
3.9047619047619047
8.25
29.875
1.3333333333333333
2.5384615384615383
4.153846153846154
8.1
21.545454545454547
12.5
6.428571428571429
7.8
4.09756097560976
2.4
5.153846153846154
4.055555555555555
2.4285714285714284
22.77777777777778
40.46666666666667
6.8
2.8333333333333335
33.095238095238095
1.8
3.6153846153846154
3.7142857142857144
9.11111111111111
5.35
7.478260869565218
10.133333333333333
3.5
4.166666666666667
15.166666666666666
3.909090909090909
6.454545454545454
5.916666666666667
4.214285714285714
8.25
5.142857142857143
10.148148148148149
2.0
1.6666666666666667
6.1
4.352941176470588
2.3636363636363638
9.0
6.0
8.541666666666666
5.0
6.0
5.333333333333333
4.5
8.142857142857142
1.5
15.285714285714286
8.0
3.6666666666666665
1.5
5.894736842105263
15.909090909090908
4.0
5.095238095238095
7.0
5.333333333333333
4.1
5.0
4.076923076923077
7.695652173913044
4.0
5.9523809523809526
3.625
6.777777777777778
26.90909090909091
5.555555555555555
10.454545454545455
2.111111111111111
2.8
6.888888888888889
1.6666666666666667
13.25
2.4375
2.2
2.875
2.0
2.0
1.5
6.5
4.84
3.6
16.705882352941178
3.857142857142857
1.6666666666666667
7.454545454545454
1.83333333333333
14.705882352941176
2.6666666666666665
3.75
4.631578947368421
5.714285714285714
8.916666666666666
2.3333333333333335
3.0
4.555555555555555
4.0
0.0
1.5
29.705882352941178
6.875
22.04
5.6923076923076925
5.833333333333333
2.0
3.0
11.636363636363637
1.2
2.5
9.555555555555555
18.125
2.0
2.25
1.1428571428571428
3.5454545454545454
2.5
1.5
5.2727272727272725
8.785714285714286
23.8
2.25
4.875
5.625
11.666666666666666
2.1
DISTANCE DISPLACEMENT MEDIAN
6269.9876528779105
2359.8975984093045
51.88281893243734
3862.123974964782
4899.230949961462
627.713863476589
2319.6306875401556
970.4312838355218
2852.8691806762426
4476.935181334439
2686.716004682597
2641.51893936305
3772.7093394992603
2181.0316381021066
4638.010708848342
2108.5163290455466
2572.601319119222
2222.7823777765248
556.7775577451281
3054.4794143431677
264.14779799588223
2035.044532230478
268.96565192681834
843.8980302379414
1658.2172342103815
912.1974044754178
1538.0112391972477
2796.338995275472
3407.408460169846
1261.5779930178935
278.5546910948554
11953.786736577591
3345.9262718973687
3988.2407502854094
1679.487608049115
792.6709479662551
3857.264015054834
1846.485644158666
1843.8397220294273
3288.208563809705
7904.256310863011
5702.97669307408
1086.7093614038556
724.2590992527797
725.642574026605
1221.3861150868788
2339.9443039647185
1942.1434580862333
965.6925879469414
3079.723798492087
1053.230064258571
2477.8909775142183
2598.5678503057657
2287.679402053076
3515.8714886528887
724.6061500592784
65.30267000801955
1496.227452783207
1220.6433748773252
1493.7412147499545
1969.305644517057
592.725860250013
3413.688388009958
364.0863868764596
3627.1807972656156
770.2751306764776
3422.3118331210776
926.7382078101061
3867.119335414918
1435.2395658871985
2475.184695804833
1644.7400738128315
770.1575667550757
721.2425990122408
5273.1388281622
557.9778541320163
3024.943365755744
3768.23728710728
2527.5938510052238
62.69965627227165
1069.3711195039134
1378.7053599879162
1281.7487057103167
66.59620046072321
897.6921945121456
1485.6847222733809
4593.236261266378
6154.690011922546
2130.5190200264424
968.846110489121
1617.7383483428523
473.7630837830898
942.6301184163596
1276.835581693605
1170.0511632188943
475.1771572146659
3556.283597053834
3327.8587703653616
621.0146173547655
1843.6894160738127
195.34920274458747
366.1116872458783
1200.5206245350585
2383.460309244175
3845.3598692447936
1368.7398362702897
1097.3560132811322
6316.8682518859805
4376.078275123016
232.91005704978605
471.13764647168654
346.0384958719198
2764.8382096169967
788.7370165872621
2588.0784530250817
668.698170916299
1426.587124655176
822.9551770996445
1833.6696795541775
1500.54582540801
833.745118975777
728.1781385715624
875.1145815134299
2156.810711166069
1301.5674191738185
1642.8929726753092
18837.072941249487
6866.342051111446
786.674637923372
859.7491789457762
24814.088276193484
8044.081735890479
330.1724132595623
1282.025655674884
221.70462939351268
484.6994702734151
965.9448328989461
514.6625515276664
5476.927071194251
1034.7922496835947
453.61802601702567
57.24153754671901
1691.057380318639
565.033727974783
207.66075529519622
69.14306813692662
4342.389643215981
3137.2574933600786
5690.5905041152255
54.79225180076768
2412.56806336981
1793.614131543809
350.84309308340653
1246.906906936741
171.01934095544433
2195.7433002259736
261.0333747462894
2772.303366433646
MEDIAN PRICES
0.0
0.0
0.0
0.0
0.0
0.0
0.0
0.0
0.0
0.0
0.0
0.0
0.0
0.0
0.0
0.0
0.0
0.0
0.0
0.0
0.0
0.0
0.0
0.0
0.0
0.0
0.0
0.0
0.0
0.0
0.0
0.0
0.0
0.0
0.0
0.0
0.0
0.0
0.0
0.0
0.0
0.0
0.0
0.0
0.0
0.0
0.0
0.0
0.0
0.0
0.0
0.0
0.0
0.0
0.0
0.0
0.0
0.0
0.0
0.0
0.0
0.0
0.0
0.0
0.0
0.0
0.0
0.0
0.0
0.0
0.0
0.0
0.0
0.0
0.0
0.0
0.0
0.0
0.0
0.0
0.0
0.0
0.0
0.0
0.0
0.0
0.0
0.0
0.0
0.0
0.0
0.0
0.0
0.0
0.0
0.0
0.0
0.0
0.0
0.0
0.0
0.0
0.0
0.0
0.0
0.0
0.0
0.0
0.0
0.0
0.0
0.0
0.0
0.0
0.0
0.0
0.0
0.0
0.0
0.0
0.0
0.0
0.0
0.0
0.0
0.0
0.0
0.0
0.0
0.0
0.0
0.0
0.0
0.0
0.0
0.0
0.0
0.0
0.0
0.0
0.0
0.0
0.0
0.0
0.0
0.0
0.0
0.0
0.0
0.0
0.0
0.0
0.0
0.0
0.0
0.0
0.0
0.0
---
--------------HERE WE START THE SOCIAL VARIABLES--------------
age_structure_all_ages
1591.0
1440.0
2168.0
2137.0
1631.0
1403.0
1321.0
2098.0
1812.0
1826.0
1516.0
2166.0
1558.0
1490.0
1792.0
1672.0
1985.0
1490.0
2723.0
1713.0
1611.0
1471.0
1715.0
1905.0
1603.0
1849.0
1704.0
1775.0
1805.0
1750.0
2046.0
1880.0
1679.0
1672.0
1622.0
1659.0
1812.0
1546.0
1874.0
2319.0
1728.0
1824.0
1937.0
1453.0
1745.0
1563.0
1702.0
1932.0
1547.0
2487.0
1923.0
1697.0
1508.0
2178.0
2087.0
1492.0
1956.0
1832.0
2065.0
1798.0
1560.0
2123.0
1490.0
1606.0
1531.0
1579.0
2380.0
2003.0
1603.0
1817.0
1475.0
1627.0
1472.0
2112.0
1748.0
1594.0
1535.0
1669.0
1302.0
1675.0
1776.0
1440.0
2082.0
1714.0
1699.0
1678.0
1553.0
1553.0
1512.0
1462.0
2383.0
1779.0
1431.0
1299.0
3081.0
2032.0
1372.0
1979.0
1813.0
1769.0
1555.0
1590.0
2912.0
1588.0
2514.0
1495.0
1449.0
1694.0
1412.0
1614.0
1571.0
1594.0
1857.0
1780.0
1489.0
1983.0
2370.0
1595.0
1630.0
2193.0
1605.0
1630.0
1462.0
2466.0
1628.0
1869.0
2055.0
1814.0
1320.0
1628.0
1692.0
1559.0
1667.0
2329.0
2000.0
1558.0
2319.0
1936.0
1906.0
1436.0
2040.0
1677.0
1647.0
1642.0
2001.0
1646.0
1598.0
1677.0
1135.0
1501.0
2259.0
1638.0
1586.0
1386.0
1810.0
1847.0
1386.0
1904.0
---
age_structure_0_15
159.0
243.0
426.0
245.0
283.0
142.0
115.0
340.0
367.0
310.0
275.0
376.0
463.0
285.0
407.0
264.0
497.0
272.0
896.0
483.0
360.0
298.0
365.0
400.0
313.0
505.0
324.0
264.0
418.0
260.0
303.0
393.0
197.0
266.0
128.0
471.0
367.0
277.0
417.0
523.0
386.0
401.0
328.0
312.0
378.0
276.0
151.0
338.0
218.0
293.0
222.0
334.0
282.0
412.0
473.0
343.0
332.0
128.0
311.0
222.0
365.0
530.0
278.0
443.0
241.0
182.0
342.0
553.0
319.0
495.0
308.0
274.0
340.0
608.0
492.0
312.0
338.0
228.0
157.0
346.0
673.0
270.0
284.0
365.0
396.0
353.0
303.0
310.0
117.0
275.0
136.0
248.0
239.0
235.0
497.0
241.0
248.0
523.0
397.0
500.0
339.0
448.0
696.0
283.0
666.0
243.0
298.0
417.0
415.0
294.0
383.0
278.0
495.0
448.0
343.0
431.0
504.0
407.0
436.0
311.0
426.0
242.0
234.0
303.0
389.0
344.0
486.0
329.0
298.0
284.0
282.0
494.0
237.0
423.0
367.0
306.0
477.0
462.0
517.0
257.0
466.0
348.0
334.0
360.0
373.0
372.0
360.0
365.0
276.0
266.0
414.0
289.0
256.0
235.0
238.0
284.0
235.0
543.0
---
age_structure_16_29
288.0
273.0
583.0
664.0
313.0
436.0
444.0
906.0
177.0
435.0
326.0
780.0
281.0
409.0
577.0
236.0
457.0
227.0
537.0
273.0
362.0
252.0
432.0
438.0
430.0
200.0
238.0
443.0
295.0
398.0
596.0
510.0
607.0
427.0
507.0
399.0
177.0
351.0
587.0
511.0
436.0
304.0
375.0
248.0
404.0
252.0
501.0
330.0
249.0
1275.0
544.0
280.0
522.0
581.0
506.0
302.0
424.0
923.0
682.0
381.0
362.0
452.0
246.0
290.0
230.0
464.0
736.0
570.0
385.0
375.0
356.0
512.0
210.0
520.0
329.0
307.0
190.0
313.0
514.0
295.0
362.0
247.0
451.0
327.0
257.0
256.0
331.0
305.0
460.0
337.0
1377.0
474.0
260.0
291.0
1114.0
536.0
195.0
393.0
448.0
332.0
353.0
295.0
632.0
392.0
566.0
186.0
313.0
363.0
265.0
465.0
313.0
417.0
531.0
426.0
303.0
365.0
576.0
358.0
366.0
735.0
401.0
351.0
249.0
885.0
326.0
361.0
419.0
557.0
403.0
207.0
239.0
380.0
382.0
721.0
644.0
338.0
617.0
394.0
397.0
201.0
538.0
310.0
303.0
352.0
555.0
212.0
246.0
289.0
232.0
444.0
782.0
407.0
383.0
302.0
598.0
479.0
302.0
557.0
---
age_structure_30_44
449.0
372.0
628.0
748.0
387.0
473.0
533.0
363.0
377.0
542.0
408.0
633.0
398.0
376.0
442.0
257.0
559.0
500.0
751.0
425.0
440.0
320.0
410.0
453.0
459.0
408.0
300.0
567.0
573.0
603.0
473.0
602.0
518.0
513.0
512.0
435.0
377.0
456.0
458.0
653.0
357.0
511.0
507.0
396.0
433.0
262.0
557.0
477.0
215.0
664.0
682.0
365.0
479.0
537.0
616.0
403.0
581.0
576.0
571.0
486.0
424.0
464.0
389.0
336.0
204.0
441.0
820.0
452.0
439.0
386.0
417.0
432.0
351.0
466.0
395.0
381.0
341.0
485.0
400.0
346.0
400.0
335.0
782.0
416.0
469.0
411.0
380.0
323.0
568.0
472.0
473.0
519.0
251.0
321.0
830.0
779.0
246.0
443.0
484.0
419.0
375.0
420.0
816.0
386.0
629.0
251.0
318.0
441.0
344.0
421.0
360.0
445.0
427.0
377.0
316.0
632.0
737.0
375.0
414.0
650.0
401.0
501.0
178.0
795.0
452.0
593.0
438.0
521.0
491.0
326.0
344.0
393.0
578.0
712.0
554.0
489.0
674.0
401.0
501.0
250.0
477.0
368.0
329.0
357.0
574.0
310.0
334.0
345.0
323.0
345.0
638.0
517.0
434.0
351.0
345.0
526.0
283.0
419.0
---
age_structure_45_64
378.0
325.0
365.0
367.0
370.0
244.0
187.0
284.0
551.0
410.0
371.0
305.0
326.0
302.0
249.0
498.0
382.0
326.0
460.0
377.0
333.0
403.0
344.0
389.0
297.0
504.0
501.0
335.0
321.0
355.0
479.0
291.0
249.0
298.0
233.0
257.0
551.0
318.0
342.0
518.0
350.0
459.0
424.0
343.0
355.0
368.0
265.0
513.0
556.0
162.0
285.0
475.0
185.0
437.0
345.0
343.0
444.0
148.0
345.0
383.0
286.0
454.0
386.0
355.0
546.0
331.0
348.0
306.0
303.0
381.0
275.0
298.0
378.0
416.0
387.0
396.0
426.0
419.0
158.0
446.0
260.0
391.0
409.0
374.0
430.0
343.0
380.0
413.0
256.0
271.0
287.0
359.0
456.0
322.0
456.0
316.0
423.0
392.0
369.0
354.0
324.0
286.0
527.0
355.0
494.0
401.0
338.0
336.0
261.0
233.0
363.0
334.0
316.0
399.0
361.0
398.0
372.0
332.0
297.0
376.0
244.0
369.0
512.0
338.0
313.0
401.0
466.0
316.0
116.0
390.0
444.0
229.0
285.0
366.0
266.0
312.0
434.0
447.0
341.0
440.0
419.0
417.0
363.0
406.0
311.0
491.0
402.0
421.0
212.0
268.0
316.0
312.0
348.0
364.0
269.0
394.0
358.0
275.0
---
age_structure_65_plus
190.0
227.0
166.0
113.0
278.0
108.0
42.0
205.0
340.0
129.0
136.0
72.0
90.0
118.0
117.0
417.0
90.0
165.0
79.0
155.0
116.0
198.0
164.0
225.0
104.0
232.0
341.0
166.0
198.0
134.0
195.0
84.0
108.0
116.0
242.0
75.0
340.0
144.0
70.0
114.0
199.0
149.0
303.0
154.0
175.0
126.0
228.0
274.0
309.0
93.0
165.0
243.0
40.0
211.0
147.0
101.0
175.0
57.0
156.0
240.0
123.0
223.0
191.0
182.0
310.0
161.0
134.0
122.0
157.0
180.0
119.0
111.0
193.0
102.0
145.0
198.0
240.0
183.0
73.0
242.0
81.0
197.0
156.0
232.0
147.0
315.0
159.0
202.0
111.0
107.0
110.0
179.0
225.0
130.0
184.0
160.0
260.0
228.0
115.0
164.0
164.0
141.0
241.0
172.0
159.0
414.0
182.0
137.0
127.0
201.0
152.0
120.0
88.0
130.0
166.0
157.0
181.0
123.0
117.0
121.0
133.0
167.0
289.0
145.0
148.0
170.0
246.0
91.0
12.0
421.0
383.0
63.0
185.0
107.0
169.0
113.0
117.0
232.0
150.0
288.0
140.0
234.0
318.0
189.0
188.0
261.0
256.0
257.0
92.0
178.0
109.0
184.0
165.0
170.0
360.0
164.0
208.0
110.0
---
age_structure_working_age
1111.0
970.0
1576.0
1779.0
1070.0
1153.0
1164.0
1553.0
1105.0
1387.0
1105.0
1718.0
1005.0
1087.0
1268.0
991.0
1398.0
1053.0
1748.0
1075.0
1135.0
975.0
1186.0
1280.0
1186.0
1112.0
1039.0
1345.0
1189.0
1356.0
1548.0
1403.0
1374.0
1310.0
1252.0
1114.0
1105.0
1125.0
1387.0
1682.0
1143.0
1274.0
1306.0
987.0
1192.0
1017.0
1323.0
1320.0
1020.0
2101.0
1511.0
1120.0
1186.0
1555.0
1467.0
1048.0
1449.0
1647.0
1598.0
1250.0
1072.0
1370.0
1021.0
981.0
980.0
1236.0
1904.0
1328.0
1127.0
1142.0
1048.0
1242.0
939.0
1402.0
1111.0
1084.0
957.0
1217.0
1072.0
1087.0
1022.0
973.0
1642.0
1117.0
1156.0
1010.0
1091.0
1041.0
1284.0
1080.0
2137.0
1352.0
967.0
934.0
2400.0
1631.0
864.0
1228.0
1301.0
1105.0
1052.0
1001.0
1975.0
1133.0
1689.0
838.0
969.0
1140.0
870.0
1119.0
1036.0
1196.0
1274.0
1202.0
980.0
1395.0
1685.0
1065.0
1077.0
1761.0
1046.0
1221.0
939.0
2018.0
1091.0
1355.0
1323.0
1394.0
1010.0
923.0
1027.0
1002.0
1245.0
1799.0
1464.0
1139.0
1725.0
1242.0
1239.0
891.0
1434.0
1095.0
995.0
1120.0
1440.0
1013.0
982.0
1055.0
767.0
1057.0
1736.0
1160.0
1165.0
943.0
1212.0
1399.0
943.0
1251.0
---
persons_per_hectare
23.4171050068186
365.346534653465
165.900383141762
142.236842105263
41.4972731779871
171.911573472042
174.640522875817
191.644204851752
35.5258051998448
87.9621280432822
50.819124038783
106.322640632264
117.314746881878
98.6037234042553
190.133607399794
12.3790677220756
176.648841354724
85.6826976229961
99.5226730310263
91.8962722852512
83.1331331331331
63.0241423125794
24.6257704725565
60.2265575833858
154.674220963173
30.8031923925964
51.4218009478673
113.23997453851
93.7591418820088
88.5591191957875
48.3613817537644
67.7452667814114
193.24942791762
102.728351126928
114.520202020202
170.10101010101
35.5258051998448
47.0534069981584
146.681749622926
170.175438596491
87.1966959215281
118.591370558376
52.3155216284987
123.753169907016
125.576519916143
89.2602739726027
79.3882352941176
41.0537190082645
3.90910494621442
184.835164835165
97.2087378640777
59.3933126508101
40.6432067117222
51.12869443798
170.216172938351
117.720530835285
130.827067669173
217.103762827822
141.983122362869
97.1997845988153
143.030869971936
84.8915187376726
64.6121593291405
47.6107226107226
31.8877016551435
100.533689126084
188.71473354232
88.2352941176471
24.8984504287649
65.5761024182077
131.588287488909
93.3554817275748
41.2310286677909
195.53415061296
25.0284575981787
62.0583717357911
50.5972130059721
88.4989200863931
44.2360897632954
41.1794102948526
131.354091238233
60.4131534569983
104.04538727183
56.537332898598
82.5768667642753
77.8338687471317
80.3161652218256
13.8012205754141
181.795511221945
98.1082844096543
195.056179775281
172.294776119403
89.8379052369077
54.2148760330579
19.4280641684104
115.467625899281
54.5524691358025
53.8794268721276
176.068376068376
18.3527305282005
139.72850678733
58.7404994571118
109.103592605511
27.1516393442623
161.52380952381
32.7858081471748
58.0114722753346
24.9788314987299
103.857350800582
156.75944333996
90.2101769911504
177.675489067894
187.872763419483
167.695099818512
109.320809248555
89.6086956521739
146.658097686375
154.841897233202
170.967741935484
136.596009975062
127.752293577982
158.519961051607
28.1637472938398
150.716332378224
161.411992263056
32.2608545234389
46.8536100684478
238.730569948187
138.650306748466
55.8691910499139
45.7776590058792
145.413260672116
118.351254480287
152.148322542672
47.4464204286366
84.2737722048067
195.767634854772
104.782375067168
156.726986624705
41.582774049217
133.186119873817
42.7083333333333
62.9725722757598
90.0214592274678
173.526824978012
51.21719886184
7.77496839443742
31.2247149687385
78.2608695652174
42.4165251839276
168.869309838473
81.9221967963387
107.88409703504
111.392405063291
32.3779585798817
80.6287170773152
111.392405063291
121.886120996441
---
all_households
755.0
757.0
821.0
982.0
588.0
710.0
673.0
709.0
802.0
806.0
660.0
767.0
610.0
632.0
507.0
625.0
742.0
675.0
890.0
557.0
752.0
522.0
622.0
641.0
628.0
657.0
635.0
927.0
751.0
772.0
926.0
797.0
815.0
789.0
807.0
586.0
802.0
714.0
689.0
912.0
588.0
734.0
870.0
626.0
663.0
500.0
844.0
864.0
636.0
1033.0
955.0
714.0
638.0
758.0
884.0
655.0
905.0
819.0
855.0
824.0
616.0
600.0
670.0
581.0
564.0
704.0
1063.0
777.0
563.0
631.0
676.0
751.0
544.0
724.0
616.0
637.0
622.0
866.0
643.0
686.0
598.0
568.0
980.0
761.0
684.0
735.0
588.0
587.0
840.0
650.0
861.0
869.0
513.0
501.0
1205.0
954.0
517.0
693.0
759.0
768.0
680.0
598.0
1116.0
571.0
1035.0
648.0
523.0
682.0
541.0
677.0
529.0
674.0
539.0
680.0
492.0
809.0
1025.0
607.0
638.0
823.0
555.0
733.0
504.0
1164.0
635.0
724.0
621.0
790.0
579.0
631.0
790.0
584.0
726.0
964.0
806.0
759.0
635.0
783.0
780.0
535.0
715.0
619.0
637.0
504.0
909.0
598.0
660.0
602.0
460.0
503.0
623.0
728.0
578.0
693.0
691.0
800.0
693.0
594.0
---
couple_household_with_dependent_children
67.0
82.0
116.0
107.0
124.0
57.0
53.0
63.0
188.0
137.0
121.0
125.0
106.0
70.0
96.0
142.0
120.0
148.0
273.0
160.0
126.0
142.0
83.0
141.0
93.0
239.0
160.0
125.0
155.0
113.0
96.0
149.0
72.0
73.0
63.0
139.0
188.0
87.0
93.0
161.0
107.0
149.0
132.0
137.0
97.0
99.0
69.0
167.0
134.0
83.0
99.0
129.0
99.0
135.0
123.0
82.0
123.0
34.0
104.0
111.0
113.0
184.0
135.0
141.0
151.0
91.0
104.0
120.0
125.0
127.0
69.0
60.0
156.0
132.0
127.0
117.0
137.0
109.0
47.0
139.0
134.0
155.0
116.0
96.0
206.0
111.0
96.0
121.0
45.0
112.0
36.0
66.0
117.0
92.0
135.0
125.0
139.0
150.0
95.0
134.0
75.0
165.0
241.0
123.0
130.0
127.0
114.0
145.0
121.0
83.0
144.0
112.0
147.0
112.0
101.0
169.0
147.0
100.0
105.0
106.0
95.0
81.0
114.0
87.0
105.0
160.0
147.0
92.0
77.0
157.0
148.0
87.0
121.0
142.0
96.0
112.0
118.0
137.0
86.0
138.0
125.0
144.0
116.0
112.0
91.0
190.0
147.0
181.0
105.0
80.0
141.0
123.0
97.0
95.0
54.0
114.0
67.0
156.0
---
couple_household_without_dependent_children
156.0
116.0
180.0
240.0
205.0
139.0
142.0
100.0
241.0
210.0
194.0
165.0
77.0
79.0
51.0
278.0
111.0
205.0
144.0
125.0
145.0
151.0
96.0
167.0
102.0
193.0
248.0
178.0
159.0
168.0
237.0
131.0
189.0
154.0
173.0
80.0
241.0
142.0
67.0
174.0
105.0
135.0
204.0
152.0
93.0
104.0
185.0
264.0
231.0
184.0
283.0
173.0
113.0
151.0
112.0
100.0
186.0
155.0
198.0
192.0
117.0
130.0
191.0
130.0
272.0
149.0
152.0
72.0
138.0
114.0
109.0
97.0
160.0
79.0
89.0
161.0
176.0
216.0
145.0
189.0
60.0
170.0
243.0
139.0
210.0
149.0
125.0
159.0
194.0
159.0
156.0
135.0
195.0
118.0
208.0
227.0
193.0
133.0
91.0
91.0
81.0
123.0
223.0
145.0
114.0
241.0
106.0
151.0
70.0
90.0
136.0
146.0
64.0
63.0
123.0
173.0
169.0
86.0
94.0
153.0
66.0
136.0
231.0
254.0
98.0
234.0
174.0
119.0
135.0
179.0
263.0
72.0
170.0
157.0
153.0
111.0
93.0
177.0
81.0
235.0
111.0
186.0
176.0
139.0
143.0
227.0
175.0
181.0
114.0
107.0
92.0
142.0
139.0
162.0
103.0
162.0
81.0
80.0
---
one_person_household
474.0
377.0
211.0
350.0
126.0
417.0
274.0
285.0
261.0
279.0
215.0
203.0
203.0
227.0
116.0
117.0
188.0
212.0
173.0
107.0
294.0
123.0
173.0
131.0
177.0
135.0
140.0
439.0
228.0
284.0
394.0
286.0
258.0
348.0
322.0
135.0
261.0
265.0
196.0
265.0
144.0
235.0
326.0
195.0
220.0
119.0
425.0
301.0
191.0
284.0
335.0
232.0
262.0
203.0
321.0
234.0
358.0
242.0
269.0
337.0
176.0
96.0
235.0
128.0
85.0
265.0
370.0
220.0
107.0
134.0
262.0
266.0
117.0
156.0
166.0
212.0
206.0
412.0
243.0
213.0
85.0
152.0
377.0
303.0
173.0
286.0
158.0
142.0
418.0
207.0
423.0
403.0
94.0
150.0
366.0
341.0
116.0
152.0
272.0
303.0
276.0
145.0
316.0
123.0
391.0
210.0
149.0
209.0
156.0
251.0
92.0
219.0
117.0
230.0
89.0
232.0
385.0
172.0
184.0
222.0
151.0
304.0
74.0
443.0
196.0
227.0
119.0
274.0
215.0
221.0
293.0
157.0
266.0
338.0
250.0
318.0
139.0
234.0
257.0
103.0
183.0
122.0
192.0
82.0
352.0
108.0
207.0
139.0
144.0
129.0
100.0
291.0
148.0
362.0
290.0
285.0
362.0
150.0
---
white
1356.0
918.0
1218.0
1709.0
1005.0
1016.0
931.0
1001.0
1617.0
1516.0
1087.0
956.0
683.0
740.0
187.0
965.0
737.0
1368.0
993.0
1023.0
1023.0
940.0
930.0
1220.0
830.0
1594.0
1285.0
1020.0
1211.0
1115.0
1524.0
843.0
1337.0
1133.0
1314.0
572.0
1617.0
986.0
789.0
1090.0
868.0
1012.0
1551.0
1167.0
804.0
579.0
1298.0
1488.0
924.0
1278.0
1562.0
1128.0
393.0
968.0
814.0
614.0
960.0
1463.0
1064.0
1033.0
1021.0
429.0
1244.0
1176.0
1361.0
1032.0
1449.0
599.0
369.0
1056.0
662.0
752.0
1015.0
402.0
981.0
909.0
1347.0
1345.0
843.0
1354.0
686.0
1248.0
1441.0
1063.0
1529.0
1054.0
855.0
1086.0
1062.0
1034.0
1475.0
913.0
990.0
540.0
1232.0
1513.0
1152.0
1033.0
997.0
1012.0
732.0
1215.0
953.0
660.0
795.0
1383.0
844.0
686.0
833.0
716.0
677.0
1108.0
282.0
637.0
560.0
1188.0
1150.0
572.0
801.0
1041.0
669.0
869.0
1053.0
1623.0
702.0
1494.0
504.0
881.0
832.0
1456.0
1380.0
574.0
1118.0
1176.0
1106.0
984.0
643.0
1174.0
810.0
1152.0
789.0
1402.0
1350.0
487.0
1104.0
1524.0
1471.0
1368.0
884.0
771.0
402.0
963.0
756.0
1044.0
1249.0
1207.0
824.0
352.0
---
mixed_multiple_ethnic_groups
60.0
94.0
153.0
117.0
60.0
80.0
94.0
122.0
60.0
103.0
116.0
147.0
82.0
96.0
47.0
37.0
133.0
41.0
132.0
80.0
151.0
68.0
100.0
72.0
118.0
97.0
46.0
107.0
138.0
116.0
116.0
84.0
93.0
95.0
64.0
69.0
60.0
107.0
134.0
193.0
126.0
221.0
90.0
66.0
162.0
110.0
53.0
88.0
42.0
104.0
78.0
85.0
94.0
95.0
152.0
165.0
128.0
95.0
102.0
80.0
107.0
75.0
60.0
119.0
24.0
73.0
213.0
150.0
70.0
129.0
164.0
121.0
70.0
157.0
137.0
66.0
86.0
68.0
72.0
57.0
140.0
48.0
133.0
95.0
46.0
126.0
86.0
53.0
77.0
79.0
106.0
128.0
90.0
53.0
161.0
114.0
45.0
113.0
142.0
120.0
104.0
76.0
139.0
73.0
163.0
24.0
62.0
67.0
98.0
112.0
96.0
117.0
45.0
125.0
94.0
131.0
140.0
128.0
118.0
115.0
72.0
130.0
38.0
197.0
120.0
79.0
70.0
100.0
89.0
53.0
53.0
135.0
59.0
140.0
115.0
120.0
109.0
88.0
198.0
42.0
123.0
64.0
34.0
78.0
135.0
43.0
38.0
53.0
58.0
86.0
68.0
96.0
71.0
93.0
97.0
95.0
93.0
63.0
---
asian_asian_british
147.0
224.0
304.0
144.0
372.0
192.0
95.0
512.0
96.0
101.0
140.0
336.0
95.0
173.0
1306.0
606.0
195.0
59.0
138.0
253.0
158.0
328.0
233.0
440.0
244.0
96.0
258.0
350.0
230.0
115.0
207.0
636.0
62.0
169.0
145.0
739.0
96.0
86.0
160.0
138.0
193.0
96.0
121.0
167.0
173.0
142.0
225.0
220.0
533.0
978.0
165.0
142.0
535.0
708.0
271.0
73.0
373.0
66.0
496.0
382.0
108.0
1342.0
105.0
75.0
125.0
197.0
142.0
341.0
617.0
237.0
112.0
137.0
290.0
190.0
237.0
283.0
56.0
114.0
250.0
169.0
209.0
109.0
151.0
208.0
86.0
94.0
302.0
341.0
181.0
214.0
598.0
185.0
178.0
441.0
923.0
279.0
139.0
354.0
223.0
135.0
115.0
145.0
1370.0
614.0
416.0
64.0
261.0
567.0
89.0
463.0
594.0
119.0
1180.0
108.0
329.0
299.0
484.0
168.0
96.0
610.0
390.0
144.0
297.0
255.0
162.0
165.0
1230.0
246.0
142.0
85.0
169.0
213.0
321.0
756.0
548.0
182.0
959.0
144.0
94.0
190.0
530.0
156.0
141.0
821.0
213.0
49.0
40.0
160.0
82.0
239.0
1631.0
215.0
470.0
80.0
193.0
145.0
63.0
1234.0
---
black_african_caribbean_black_british
50.0
100.0
367.0
77.0
120.0
52.0
144.0
346.0
22.0
92.0
156.0
661.0
688.0
387.0
194.0
34.0
821.0
8.0
1418.0
280.0
239.0
79.0
389.0
109.0
355.0
46.0
35.0
268.0
131.0
356.0
83.0
253.0
159.0
185.0
57.0
311.0
22.0
302.0
701.0
863.0
346.0
445.0
120.0
44.0
516.0
362.0
84.0
97.0
30.0
73.0
59.0
299.0
399.0
262.0
699.0
605.0
110.0
185.0
297.0
72.0
258.0
181.0
56.0
216.0
18.0
85.0
522.0
837.0
460.0
334.0
470.0
566.0
83.0
1294.0
347.0
263.0
19.0
26.0
95.0
57.0
709.0
22.0
313.0
310.0
14.0
388.0
287.0
30.0
113.0
91.0
119.0
494.0
159.0
222.0
637.0
58.0
11.0
443.0
351.0
470.0
541.0
123.0
375.0
148.0
994.0
22.0
99.0
297.0
345.0
285.0
155.0
175.0
267.0
834.0
479.0
303.0
422.0
631.0
566.0
321.0
418.0
398.0
59.0
259.0
584.0
109.0
162.0
528.0
233.0
21.0
59.0
591.0
99.0
189.0
196.0
213.0
566.0
434.0
758.0
8.0
551.0
28.0
114.0
192.0
502.0
26.0
40.0
55.0
92.0
123.0
110.0
459.0
247.0
266.0
220.0
342.0
266.0
222.0
---
united_kingdom
964.0
836.0
936.0
1550.0
930.0
609.0
760.0
1001.0
1429.0
1231.0
1174.0
1138.0
945.0
721.0
652.0
1143.0
1107.0
1208.0
1521.0
1174.0
1206.0
958.0
961.0
1388.0
972.0
1523.0
1261.0
1074.0
1281.0
1174.0
1127.0
720.0
1255.0
1070.0
917.0
820.0
1429.0
1073.0
841.0
1575.0
1015.0
1203.0
1340.0
1132.0
823.0
899.0
1127.0
1472.0
1049.0
1259.0
1097.0
1256.0
603.0
1009.0
1113.0
977.0
803.0
1225.0
1203.0
694.0
1036.0
1104.0
1177.0
1371.0
1344.0
724.0
1431.0
1080.0
580.0
1206.0
796.0
900.0
1142.0
1169.0
1256.0
1140.0
1137.0
768.0
853.0
1333.0
1161.0
1221.0
1460.0
1223.0
1387.0
1178.0
905.0
1121.0
744.0
801.0
1168.0
1070.0
1140.0
660.0
1323.0
1031.0
1161.0
1283.0
921.0
1270.0
1041.0
1294.0
1353.0
694.0
1127.0
1386.0
637.0
987.0
1094.0
851.0
950.0
1037.0
811.0
916.0
765.0
1300.0
1193.0
907.0
1125.0
894.0
829.0
978.0
1169.0
1421.0
717.0
1373.0
1215.0
1027.0
880.0
1412.0
1366.0
960.0
831.0
1399.0
1345.0
943.0
990.0
1250.0
1120.0
1196.0
1021.0
1387.0
1414.0
777.0
1204.0
1537.0
1477.0
1269.0
901.0
608.0
622.0
1173.0
765.0
843.0
1113.0
1201.0
843.0
1061.0
---
not_united_kingdom
673.0
604.0
1232.0
587.0
701.0
794.0
561.0
1097.0
383.0
595.0
342.0
1028.0
613.0
769.0
1140.0
529.0
878.0
282.0
1202.0
539.0
405.0
513.0
754.0
517.0
631.0
326.0
443.0
701.0
524.0
576.0
919.0
1160.0
424.0
622.0
705.0
839.0
383.0
473.0
1033.0
744.0
713.0
621.0
597.0
321.0
922.0
312.0
575.0
460.0
498.0
1228.0
826.0
441.0
905.0
1169.0
974.0
515.0
1153.0
607.0
862.0
1086.0
524.0
1019.0
313.0
235.0
187.0
855.0
949.0
923.0
1023.0
611.0
679.0
727.0
330.0
943.0
492.0
454.0
398.0
989.0
449.0
342.0
615.0
219.0
622.0
491.0
312.0
500.0
648.0
432.0
768.0
661.0
1215.0
709.0
291.0
639.0
1758.0
1001.0
211.0
696.0
892.0
499.0
514.0
296.0
1559.0
894.0
1387.0
109.0
812.0
707.0
318.0
763.0
621.0
557.0
1046.0
864.0
724.0
683.0
1177.0
688.0
505.0
1299.0
776.0
652.0
293.0
1045.0
911.0
496.0
840.0
787.0
440.0
216.0
326.0
599.0
836.0
930.0
655.0
615.0
1329.0
686.0
786.0
240.0
1019.0
290.0
233.0
890.0
797.0
109.0
121.0
408.0
234.0
893.0
1637.0
642.0
821.0
543.0
697.0
646.0
543.0
843.0
---
median_price
674500.0
305000.0
285000.0
363750.0
418750.0
840000.0
330000.0
276000.0
390000.0
430000.0
195000.0
250000.0
170000.0
279500.0
218500.0
568000.0
268000.0
333750.0
166500.0
245000.0
210000.0
365500.0
206250.0
249950.0
330000.0
1087500.0
457500.0
177500.0
248000.0
463000.0
715000.0
209000.0
352250.0
347500.0
412500.0
217500.0
390000.0
249950.0
207000.0
338750.0
360000.0
226000.0
361750.0
217000.0
209500.0
225000.0
221000.0
468000.0
885000.0
367500.0
412000.0
183000.0
240000.0
240000.0
220000.0
249000.0
689500.0
375000.0
249950.0
625000.0
498750.0
250000.0
275000.0
198250.0
500000.0
630000.0
250000.0
112500.0
145000.0
235000.0
161500.0
256500.0
390000.0
160000.0
212750.0
250000.0
990000.0
1400000.0
231250.0
228250.0
123000.0
341000.0
430000.0
192500.0
362500.0
230000.0
230000.0
262500.0
322000.0
447500.0
469000.0
280000.0
280000.0
212500.0
246950.0
490000.0
290000.0
247500.0
222500.0
157000.0
250000.0
185000.0
202500.0
287450.0
207500.0
303250.0
430000.0
150000.0
176000.0
245000.0
249000.0
470000.0
206500.0
169250.0
262500.0
232500.0
314500.0
185000.0
200000.0
228000.0
190500.0
435000.0
478500.0
276000.0
191000.0
352250.0
269000.0
252999.5
253000.0
276475.0
237500.0
248749.5
280000.0
272500.0
249997.5
171000.0
168000.0
195000.0
187475.0
550500.0
191500.0
274950.0
198000.0
257000.0
259500.0
362500.0
187500.0
352497.5
163500.0
332500.0
226750.0
223000.0
245000.0
380000.0
225000.0
412500.0
380000.0
310000.0
---
sales
13.0
12.0
8.0
34.0
24.0
17.0
15.0
7.0
37.0
68.0
25.0
19.0
1.0
6.0
4.0
15.0
8.0
36.0
12.0
15.0
17.0
14.0
6.0
19.0
17.0
24.0
16.0
28.0
23.0
30.0
54.0
78.0
36.0
22.0
126.0
10.0
37.0
11.0
7.0
30.0
16.0
16.0
60.0
18.0
10.0
9.0
41.0
22.0
13.0
24.0
39.0
19.0
33.0
16.0
13.0
15.0
14.0
53.0
31.0
25.0
18.0
11.0
17.0
10.0
17.0
19.0
25.0
3.0
7.0
7.0
16.0
10.0
22.0
4.0
7.0
19.0
28.0
36.0
20.0
14.0
3.0
22.0
33.0
6.0
23.0
19.0
7.0
17.0
23.0
28.0
20.0
23.0
14.0
10.0
99.0
34.0
17.0
10.0
22.0
4.0
10.0
9.0
36.0
38.0
17.0
16.0
11.0
11.0
8.0
11.0
7.0
21.0
8.0
2.0
5.0
34.0
8.0
7.0
5.0
22.0
6.0
24.0
14.0
31.0
15.0
44.0
8.0
18.0
15.0
16.0
31.0
4.0
29.0
24.0
24.0
18.0
22.0
21.0
6.0
36.0
6.0
11.0
15.0
10.0
13.0
24.0
18.0
10.0
15.0
17.0
8.0
15.0
12.0
20.0
11.0
30.0
5.0
28.0
---
economically_active_total
875.0
738.0
1211.0
1597.0
855.0
887.0
1019.0
797.0
883.0
1185.0
944.0
1307.0
743.0
744.0
833.0
831.0
1081.0
961.0
1339.0
844.0
949.0
788.0
839.0
949.0
892.0
932.0
829.0
1124.0
941.0
1125.0
1194.0
1115.0
1213.0
990.0
1116.0
821.0
883.0
873.0
1015.0
1294.0
777.0
1001.0
998.0
846.0
850.0
766.0
1079.0
1133.0
794.0
1690.0
1329.0
866.0
830.0
1227.0
1071.0
782.0
1008.0
1527.0
1249.0
933.0
832.0
983.0
854.0
740.0
794.0
962.0
1638.0
913.0
864.0
806.0
825.0
957.0
760.0
1012.0
763.0
845.0
760.0
964.0
897.0
848.0
681.0
813.0
1426.0
826.0
999.0
846.0
829.0
833.0
1090.0
869.0
1119.0
1019.0
820.0
756.0
1864.0
1430.0
758.0
893.0
910.0
760.0
725.0
751.0
1533.0
855.0
1224.0
681.0
728.0
843.0
633.0
810.0
800.0
975.0
867.0
872.0
823.0
1150.0
1276.0
740.0
767.0
1376.0
724.0
1010.0
766.0
1626.0
790.0
1076.0
971.0
1063.0
843.0
794.0
828.0
700.0
1068.0
1350.0
1104.0
860.0
1291.0
872.0
949.0
750.0
1017.0
868.0
805.0
867.0
1191.0
856.0
775.0
796.0
631.0
822.0
1229.0
970.0
928.0
749.0
905.0
1096.0
645.0
773.0
---
economically_inactive_total
289.0
338.0
465.0
245.0
369.0
332.0
173.0
846.0
390.0
276.0
240.0
460.0
329.0
405.0
492.0
373.0
370.0
167.0
459.0
321.0
254.0
300.0
436.0
429.0
350.0
307.0
389.0
300.0
337.0
303.0
470.0
337.0
218.0
332.0
244.0
383.0
390.0
336.0
424.0
458.0
465.0
358.0
451.0
228.0
436.0
300.0
332.0
328.0
397.0
459.0
276.0
361.0
377.0
440.0
477.0
321.0
540.0
155.0
446.0
437.0
315.0
517.0
267.0
346.0
362.0
345.0
332.0
476.0
360.0
458.0
300.0
353.0
272.0
462.0
435.0
346.0
337.0
396.0
215.0
372.0
372.0
262.0
308.0
399.0
235.0
306.0
359.0
320.0
261.0
265.0
1087.0
431.0
268.0
253.0
646.0
290.0
245.0
442.0
453.0
431.0
412.0
320.0
552.0
380.0
572.0
321.0
335.0
370.0
288.0
405.0
320.0
283.0
463.0
390.0
255.0
328.0
500.0
388.0
390.0
452.0
406.0
303.0
325.0
482.0
390.0
365.0
480.0
383.0
176.0
285.0
368.0
344.0
280.0
503.0
441.0
351.0
509.0
501.0
356.0
301.0
495.0
347.0
359.0
380.0
355.0
288.0
329.0
389.0
189.0
335.0
575.0
308.0
326.0
419.0
450.0
398.0
419.0
546.0
---
economically_active_employee
618.0
538.0
810.0
1060.0
580.0
612.0
762.0
527.0
640.0
873.0
715.0
864.0
481.0
533.0
497.0
576.0
778.0
718.0
919.0
592.0
705.0
555.0
519.0
715.0
592.0
646.0
594.0
900.0
691.0
786.0
909.0
706.0
983.0
657.0
932.0
520.0
640.0
607.0
722.0
914.0
521.0
767.0
717.0
638.0
546.0
521.0
757.0
853.0
510.0
1328.0
1114.0
606.0
541.0
822.0
748.0
504.0
703.0
1260.0
833.0
664.0
620.0
655.0
609.0
545.0
608.0
661.0
1238.0
622.0
631.0
532.0
574.0
670.0
546.0
705.0
540.0
622.0
501.0
676.0
696.0
645.0
453.0
633.0
1064.0
565.0
758.0
566.0
556.0
628.0
840.0
648.0
663.0
665.0
619.0
530.0
1288.0
1087.0
554.0
595.0
582.0
498.0
485.0
544.0
1113.0
536.0
768.0
535.0
452.0
618.0
453.0
550.0
579.0
666.0
534.0
577.0
533.0
828.0
890.0
511.0
539.0
928.0
428.0
723.0
528.0
1165.0
515.0
829.0
625.0
802.0
644.0
595.0
609.0
497.0
751.0
912.0
762.0
593.0
853.0
576.0
678.0
592.0
651.0
667.0
614.0
590.0
892.0
652.0
598.0
554.0
475.0
542.0
778.0
749.0
640.0
468.0
536.0
757.0
407.0
481.0
---
economically_active_self_employed
192.0
104.0
204.0
395.0
188.0
188.0
147.0
85.0
184.0
243.0
153.0
166.0
92.0
88.0
90.0
194.0
131.0
199.0
191.0
154.0
136.0
175.0
172.0
92.0
165.0
249.0
175.0
115.0
161.0
220.0
185.0
254.0
146.0
176.0
115.0
142.0
184.0
153.0
98.0
207.0
103.0
130.0
176.0
126.0
155.0
86.0
155.0
198.0
236.0
154.0
163.0
145.0
90.0
169.0
141.0
98.0
176.0
159.0
158.0
173.0
130.0
164.0
186.0
80.0
134.0
176.0
232.0
86.0
110.0
110.0
99.0
131.0
135.0
86.0
85.0
125.0
190.0
237.0
106.0
112.0
66.0
115.0
229.0
116.0
178.0
184.0
134.0
108.0
155.0
137.0
215.0
195.0
133.0
117.0
257.0
260.0
144.0
112.0
172.0
98.0
89.0
96.0
212.0
226.0
204.0
103.0
186.0
84.0
65.0
97.0
100.0
189.0
107.0
105.0
167.0
204.0
210.0
79.0
78.0
226.0
124.0
186.0
162.0
252.0
150.0
190.0
188.0
104.0
96.0
139.0
159.0
54.0
198.0
197.0
122.0
141.0
130.0
114.0
106.0
113.0
143.0
105.0
107.0
134.0
139.0
137.0
116.0
174.0
80.0
157.0
158.0
150.0
167.0
162.0
131.0
191.0
120.0
69.0
---
economically_active_unemployed
50.0
71.0
103.0
102.0
40.0
38.0
60.0
91.0
34.0
36.0
51.0
84.0
97.0
77.0
79.0
33.0
111.0
24.0
113.0
62.0
77.0
37.0
96.0
62.0
93.0
24.0
38.0
86.0
55.0
68.0
67.0
74.0
46.0
76.0
50.0
93.0
34.0
74.0
101.0
97.0
90.0
57.0
47.0
58.0
97.0
51.0
82.0
57.0
24.0
101.0
38.0
63.0
135.0
111.0
127.0
121.0
90.0
65.0
73.0
49.0
54.0
80.0
40.0
82.0
19.0
62.0
96.0
136.0
68.0
100.0
96.0
95.0
50.0
131.0
80.0
69.0
58.0
23.0
56.0
59.0
105.0
32.0
80.0
89.0
30.0
54.0
69.0
43.0
52.0
53.0
44.0
103.0
37.0
50.0
154.0
56.0
32.0
100.0
90.0
121.0
103.0
71.0
113.0
47.0
159.0
20.0
48.0
81.0
66.0
89.0
77.0
57.0
102.0
95.0
63.0
72.0
115.0
85.0
96.0
78.0
92.0
73.0
35.0
92.0
81.0
28.0
101.0
98.0
56.0
30.0
42.0
81.0
67.0
137.0
124.0
99.0
126.0
135.0
100.0
17.0
122.0
57.0
51.0
86.0
105.0
29.0
33.0
41.0
52.0
56.0
69.0
86.0
58.0
75.0
63.0
63.0
75.0
128.0
---
economically_active_full_time_student
29.0
25.0
94.0
40.0
47.0
49.0
50.0
94.0
25.0
33.0
25.0
193.0
73.0
46.0
167.0
28.0
61.0
20.0
116.0
36.0
31.0
21.0
52.0
80.0
42.0
13.0
22.0
23.0
34.0
51.0
33.0
81.0
38.0
52.0
19.0
59.0
25.0
39.0
94.0
76.0
63.0
47.0
58.0
24.0
52.0
43.0
85.0
25.0
24.0
107.0
22.0
52.0
64.0
125.0
55.0
59.0
39.0
43.0
185.0
33.0
28.0
84.0
19.0
33.0
33.0
63.0
72.0
69.0
55.0
64.0
56.0
61.0
29.0
90.0
58.0
29.0
11.0
33.0
39.0
32.0
57.0
33.0
53.0
56.0
33.0
42.0
70.0
54.0
43.0
31.0
197.0
56.0
31.0
59.0
165.0
27.0
28.0
86.0
66.0
43.0
48.0
40.0
95.0
46.0
93.0
23.0
42.0
60.0
49.0
74.0
44.0
63.0
124.0
95.0
60.0
46.0
61.0
65.0
54.0
144.0
80.0
28.0
41.0
117.0
44.0
29.0
57.0
59.0
47.0
30.0
18.0
68.0
52.0
104.0
96.0
27.0
182.0
47.0
65.0
28.0
101.0
39.0
33.0
57.0
55.0
38.0
28.0
27.0
24.0
67.0
224.0
85.0
63.0
43.0
175.0
85.0
43.0
95.0
---
employment_rate
68.8804554079696
59.6654275092937
60.5011933174224
78.9902280130293
62.7450980392157
65.6275635767022
76.258389261745
37.2489348752282
64.7289866457188
76.3860369609856
73.3108108108108
58.2908885116016
53.4514925373134
54.0469973890339
44.3018867924528
63.953488372093
62.6464507236389
81.2943262411348
61.7352614015573
64.0343347639485
69.9085619285121
67.0955882352941
54.1960784313726
58.5631349782293
60.9500805152979
72.2356739305892
63.136288998358
71.2780898876404
66.6666666666667
70.4481792717087
65.7451923076923
66.1157024793389
78.8958770090846
63.2892804698972
76.9852941176471
51.4959202175884
64.7289866457188
62.8618693134822
56.9840166782488
63.9840182648402
50.2415458937198
66.0044150110375
61.6287094547964
71.1359404096834
54.5101088646967
65.3014789533561
64.6350106307583
71.937029431896
62.6364399664148
68.9623080502559
79.5638629283489
61.2061939690302
52.2783761391881
59.4481103779244
57.4289405684755
54.5784224841342
56.7829457364341
84.3638525564804
58.4660766961652
61.5962984384037
65.3879686137751
54.6
70.9188224799286
57.5506445672192
64.1868512110727
64.0397857689365
74.6192893401015
50.9719222462203
60.5392156862745
50.7911392405063
59.8222222222222
61.1450381679389
65.9883720930232
53.6635006784261
52.1702838063439
62.72040302267
62.9899726526892
68.5435435435435
72.1223021582734
62.0491803278688
49.2877492877493
69.5813953488372
74.5674740484429
55.5918367346939
75.8508914100486
65.1041666666667
58.0808080808081
63.8334778837814
73.6491487786825
69.2239858906526
39.8005439709882
59.3103448275862
69.1176470588235
64.1228939544103
61.5537848605578
78.3139534883721
69.5912263210369
52.9588014981273
55.3191489361702
50.0419815281276
50.4837291116975
59.7572362278245
63.5491606714628
61.7004048582996
54.1202672605791
63.6726546906188
60.0188146754469
57.8730420445177
56.243213897937
53.2510288065844
60.625
67.9650238473768
48.1954887218045
54.041204437401
64.9350649350649
69.8240866035183
61.9369369369369
52.3049645390071
53.3275713050994
63.129102844639
48.8495575221239
69.2307692307692
63.2447296058662
67.2201138519924
56.3559322033898
70.7147814018043
56.0303239145417
62.655601659751
72.6202158979392
68.0259499536608
64.2140468227425
52.7777777777778
70.4005934718101
59.8488936859147
57.2168284789644
60.6110652353427
54.6111111111111
50.2549162418063
60.0766283524904
67.0789724072312
52.5132275132275
63.5390946502058
61.9415807560137
59.8347107438017
66.6882276843467
68.9685314685315
64.6739130434783
61.4345991561181
67.6829268292683
60.4148660328436
51.8847006651885
61.5537848605578
64.3540669856459
58.053500284576
49.2250922509225
63.4538152610442
49.5300751879699
41.6982562547384
---
unemployment_rate
6.2111801242236
9.62059620596206
8.50536746490504
6.38697557921102
4.67836257309941
4.28410372040586
5.88812561334642
11.4178168130489
3.85050962627407
3.0379746835443
5.40254237288136
6.42693190512624
13.0551816958277
10.3494623655914
9.48379351740696
3.97111913357401
10.268270120259
2.49739854318418
8.43913368185213
7.34597156398104
8.11380400421496
4.69543147208122
11.4421930870083
6.5331928345627
10.4260089686099
2.57510729613734
4.583835946924
7.65124555160142
5.84484590860786
6.04444444444444
5.61139028475712
6.63677130044843
3.79225061830173
7.67676767676768
4.48028673835125
12.9166666666667
3.85050962627407
8.47651775486827
9.95073891625616
7.49613601236476
11.5830115830116
5.69430569430569
4.70941883767535
6.85579196217494
11.4117647058824
7.63473053892216
7.59962928637627
5.03089143865843
3.02267002518892
5.97633136094675
2.58675078864353
7.27482678983834
16.2650602409639
9.04645476772616
11.8580765639589
15.4731457800512
8.92857142857143
4.25671250818599
5.84467574059247
5.2518756698821
6.49038461538462
8.1383519837233
4.68384074941452
11.0810810810811
2.39294710327456
6.44490644490645
5.86080586080586
14.8959474260679
7.87037037037037
12.4069478908189
11.6363636363636
9.92685475444096
6.57894736842105
12.9446640316206
10.4849279161206
8.16568047337278
7.63157894736842
2.38589211618257
6.24303232998885
6.95754716981132
15.4185022026432
3.9360393603936
5.61009817671809
10.774818401937
3.003003003003
6.38297872340426
8.3232810615199
5.16206482593037
4.77064220183486
6.09896432681243
3.93208221626452
10.107948969578
4.51219512195122
6.61375661375661
8.2618025751073
3.91608391608392
4.22163588390501
11.1982082866741
9.89010989010989
15.9210526315789
14.2068965517241
9.45406125166445
7.37116764514025
5.49707602339181
12.9901960784314
2.93685756240822
6.59340659340659
9.6085409252669
10.4265402843602
10.9876543209877
9.625
5.84615384615385
11.7647058823529
10.894495412844
7.65492102065614
6.26086956521739
9.01253918495298
11.4864864864865
12.51629726206
5.66860465116279
12.707182320442
7.22772277227723
4.56919060052219
5.65805658056581
10.253164556962
2.60223048327138
10.4016477857878
9.21919096895579
6.6429418742586
3.77833753148615
5.07246376811594
11.5714285714286
6.27340823970038
10.1481481481481
11.231884057971
11.5116279069767
9.75987606506584
15.4816513761468
10.5374077976818
2.26666666666667
11.9960668633235
6.56682027649769
6.33540372670807
9.91926182237601
8.81612090680101
3.38785046728972
4.25806451612903
5.15075376884422
8.24088748019017
6.81265206812652
5.61432058584215
8.2618025751073
6.25
10.7053941908714
6.96132596685083
5.74817518248175
11.6279069767442
16.5588615782665
---
no_qualifications
110.0
231.0
327.0
111.0
223.0
59.0
77.0
368.0
136.0
109.0
129.0
201.0
246.0
280.0
281.0
184.0
226.0
101.0
220.0
231.0
165.0
154.0
416.0
379.0
202.0
73.0
249.0
185.0
238.0
163.0
116.0
199.0
166.0
236.0
136.0
206.0
136.0
210.0
266.0
274.0
331.0
238.0
281.0
183.0
343.0
232.0
191.0
125.0
161.0
211.0
115.0
362.0
199.0
326.0
349.0
255.0
150.0
88.0
249.0
148.0
206.0
314.0
170.0
416.0
118.0
79.0
217.0
328.0
236.0
370.0
207.0
244.0
179.0
256.0
404.0
304.0
144.0
91.0
155.0
294.0
260.0
179.0
198.0
427.0
83.0
259.0
309.0
292.0
101.0
145.0
87.0
316.0
192.0
188.0
401.0
73.0
191.0
389.0
335.0
371.0
382.0
322.0
330.0
229.0
423.0
227.0
184.0
297.0
280.0
277.0
223.0
158.0
296.0
290.0
203.0
258.0
317.0
281.0
274.0
245.0
331.0
259.0
190.0
277.0
287.0
121.0
312.0
194.0
79.0
247.0
195.0
242.0
181.0
343.0
410.0
224.0
319.0
475.0
261.0
141.0
419.0
297.0
446.0
259.0
307.0
174.0
334.0
187.0
175.0
200.0
269.0
193.0
250.0
298.0
356.0
156.0
298.0
406.0
---
highest_level_of_qualification_level_1_qualifications
60.0
120.0
148.0
69.0
125.0
42.0
47.0
174.0
82.0
61.0
140.0
138.0
170.0
124.0
156.0
107.0
172.0
84.0
255.0
189.0
171.0
125.0
162.0
267.0
93.0
54.0
149.0
132.0
147.0
112.0
83.0
140.0
100.0
97.0
74.0
152.0
82.0
99.0
174.0
189.0
157.0
138.0
143.0
181.0
166.0
154.0
102.0
153.0
118.0
116.0
61.0
171.0
118.0
224.0
166.0
148.0
130.0
61.0
137.0
61.0
117.0
182.0
149.0
200.0
147.0
91.0
152.0
239.0
136.0
194.0
113.0
115.0
110.0
199.0
199.0
201.0
85.0
60.0
74.0
177.0
180.0
127.0
128.0
181.0
75.0
121.0
173.0
180.0
73.0
105.0
82.0
149.0
180.0
117.0
234.0
62.0
142.0
168.0
160.0
199.0
157.0
205.0
253.0
143.0
230.0
157.0
130.0
183.0
163.0
131.0
178.0
68.0
185.0
174.0
125.0
150.0
154.0
151.0
216.0
156.0
163.0
140.0
128.0
163.0
160.0
99.0
186.0
115.0
70.0
140.0
173.0
158.0
102.0
176.0
158.0
156.0
208.0
202.0
157.0
146.0
209.0
193.0
204.0
143.0
142.0
169.0
221.0
131.0
136.0
122.0
179.0
112.0
124.0
149.0
129.0
111.0
149.0
185.0
---
highest_level_of_qualification_level_2_qualifications
108.0
109.0
163.0
118.0
162.0
68.0
55.0
184.0
169.0
85.0
220.0
172.0
186.0
141.0
128.0
205.0
160.0
124.0
314.0
207.0
182.0
163.0
181.0
218.0
130.0
95.0
171.0
180.0
169.0
144.0
166.0
141.0
103.0
105.0
82.0
140.0
169.0
123.0
181.0
213.0
168.0
189.0
172.0
175.0
158.0
162.0
154.0
220.0
181.0
132.0
104.0
193.0
132.0
211.0
182.0
158.0
126.0
73.0
130.0
102.0
114.0
193.0
172.0
190.0
246.0
108.0
156.0
217.0
149.0
193.0
135.0
154.0
143.0
249.0
175.0
167.0
109.0
114.0
101.0
210.0
225.0
190.0
114.0
144.0
136.0
165.0
171.0
189.0
79.0
106.0
121.0
140.0
191.0
135.0
231.0
78.0
166.0
202.0
169.0
179.0
152.0
184.0
278.0
160.0
222.0
202.0
126.0
178.0
159.0
119.0
157.0
118.0
133.0
162.0
165.0
184.0
195.0
145.0
208.0
169.0
143.0
129.0
221.0
128.0
151.0
135.0
200.0
153.0
103.0
211.0
185.0
148.0
111.0
174.0
149.0
146.0
218.0
208.0
164.0
188.0
196.0
217.0
210.0
163.0
175.0
242.0
212.0
184.0
152.0
117.0
151.0
145.0
174.0
132.0
154.0
151.0
132.0
166.0
---
highest_level_of_qualification_apprenticeship
11.0
19.0
21.0
13.0
21.0
8.0
12.0
17.0
15.0
7.0
24.0
14.0
9.0
8.0
7.0
34.0
18.0
14.0
22.0
22.0
21.0
25.0
18.0
41.0
11.0
13.0
23.0
18.0
15.0
15.0
8.0
19.0
21.0
18.0
22.0
12.0
15.0
22.0
17.0
14.0
25.0
19.0
20.0
25.0
16.0
22.0
18.0
10.0
24.0
12.0
15.0
32.0
12.0
28.0
16.0
17.0
10.0
4.0
9.0
4.0
16.0
27.0
21.0
36.0
33.0
7.0
22.0
15.0
21.0
22.0
18.0
30.0
19.0
15.0
26.0
24.0
12.0
4.0
11.0
34.0
12.0
26.0
14.0
24.0
15.0
15.0
27.0
32.0
15.0
11.0
6.0
8.0
48.0
11.0
24.0
14.0
51.0
29.0
27.0
20.0
14.0
25.0
26.0
16.0
24.0
38.0
8.0
25.0
13.0
11.0
26.0
8.0
14.0
8.0
17.0
29.0
17.0
14.0
18.0
18.0
13.0
18.0
31.0
10.0
12.0
14.0
16.0
16.0
6.0
29.0
23.0
20.0
24.0
17.0
18.0
22.0
18.0
22.0
21.0
42.0
16.0
46.0
38.0
23.0
25.0
40.0
53.0
38.0
21.0
32.0
3.0
18.0
24.0
16.0
22.0
14.0
22.0
17.0
---
highest_level_of_qualification_level_3_qualifications
116.0
104.0
158.0
171.0
134.0
189.0
92.0
277.0
136.0
101.0
169.0
310.0
110.0
120.0
125.0
132.0
166.0
121.0
219.0
134.0
179.0
131.0
93.0
170.0
137.0
103.0
153.0
159.0
129.0
151.0
189.0
132.0
121.0
123.0
97.0
114.0
136.0
100.0
158.0
196.0
135.0
142.0
157.0
136.0
110.0
123.0
175.0
200.0
134.0
207.0
120.0
126.0
108.0
172.0
146.0
134.0
155.0
138.0
307.0
126.0
126.0
198.0
121.0
101.0
165.0
161.0
186.0
154.0
124.0
125.0
121.0
111.0
114.0
162.0
122.0
148.0
125.0
119.0
119.0
147.0
115.0
126.0
156.0
134.0
146.0
116.0
129.0
162.0
128.0
137.0
834.0
172.0
164.0
111.0
292.0
115.0
134.0
167.0
120.0
114.0
108.0
153.0
247.0
119.0
171.0
158.0
101.0
125.0
101.0
136.0
138.0
185.0
131.0
122.0
116.0
147.0
190.0
104.0
137.0
173.0
91.0
132.0
136.0
224.0
119.0
142.0
149.0
177.0
108.0
150.0
176.0
100.0
120.0
161.0
157.0
168.0
207.0
135.0
129.0
142.0
158.0
146.0
126.0
119.0
143.0
160.0
118.0
148.0
124.0
119.0
137.0
131.0
144.0
113.0
314.0
185.0
113.0
124.0
---
highest_level_of_qualification_level_4_qualifications_and_abov
620.0
493.0
662.0
1276.0
537.0
720.0
783.0
516.0
822.0
1075.0
491.0
681.0
255.0
380.0
415.0
664.0
587.0
723.0
642.0
325.0
434.0
469.0
274.0
298.0
591.0
964.0
536.0
689.0
595.0
808.0
1003.0
562.0
900.0
728.0
940.0
369.0
822.0
643.0
447.0
782.0
368.0
592.0
690.0
368.0
371.0
267.0
744.0
793.0
638.0
1288.0
1143.0
356.0
500.0
475.0
610.0
342.0
794.0
1234.0
753.0
878.0
485.0
505.0
499.0
151.0
542.0
785.0
1079.0
324.0
411.0
285.0
412.0
519.0
489.0
455.0
221.0
334.0
649.0
867.0
620.0
371.0
217.0
449.0
1083.0
333.0
798.0
564.0
258.0
287.0
844.0
564.0
871.0
620.0
357.0
331.0
981.0
1278.0
384.0
380.0
402.0
277.0
324.0
182.0
802.0
416.0
439.0
422.0
393.0
299.0
211.0
480.0
340.0
673.0
398.0
413.0
363.0
594.0
717.0
345.0
262.0
794.0
272.0
603.0
455.0
1161.0
312.0
929.0
534.0
713.0
594.0
498.0
579.0
304.0
681.0
824.0
597.0
388.0
556.0
297.0
502.0
454.0
311.0
355.0
215.0
347.0
665.0
441.0
249.0
543.0
212.0
373.0
755.0
631.0
417.0
631.0
385.0
819.0
326.0
302.0
---
day_to_day_activities_limited_a_lot
66.0
146.0
159.0
64.0
105.0
49.0
47.0
198.0
82.0
63.0
74.0
74.0
99.0
142.0
130.0
104.0
106.0
77.0
100.0
89.0
84.0
80.0
164.0
152.0
124.0
61.0
100.0
96.0
155.0
103.0
88.0
80.0
76.0
138.0
103.0
70.0
82.0
141.0
88.0
133.0
205.0
131.0
160.0
78.0
169.0
98.0
152.0
73.0
95.0
91.0
71.0
183.0
108.0
125.0
171.0
134.0
134.0
49.0
103.0
81.0
84.0
122.0
85.0
134.0
60.0
62.0
95.0
148.0
97.0
132.0
92.0
127.0
85.0
136.0
153.0
110.0
79.0
57.0
67.0
144.0
105.0
97.0
125.0
192.0
49.0
179.0
120.0
101.0
59.0
53.0
66.0
202.0
80.0
70.0
185.0
74.0
70.0
171.0
176.0
199.0
217.0
118.0
176.0
97.0
170.0
133.0
102.0
142.0
135.0
117.0
99.0
83.0
107.0
133.0
93.0
100.0
169.0
120.0
114.0
113.0
129.0
119.0
83.0
152.0
132.0
127.0
161.0
112.0
39.0
225.0
110.0
111.0
116.0
157.0
159.0
120.0
135.0
180.0
143.0
73.0
174.0
128.0
187.0
130.0
118.0
77.0
151.0
107.0
53.0
89.0
100.0
111.0
127.0
185.0
222.0
112.0
185.0
173.0
---
day_to_day_activities_limited_a_little
99.0
138.0
152.0
107.0
136.0
74.0
71.0
162.0
141.0
101.0
121.0
113.0
117.0
149.0
130.0
140.0
119.0
83.0
121.0
119.0
112.0
110.0
163.0
178.0
103.0
64.0
157.0
119.0
121.0
108.0
94.0
81.0
91.0
139.0
128.0
104.0
141.0
130.0
115.0
164.0
161.0
133.0
183.0
121.0
153.0
119.0
144.0
133.0
114.0
113.0
93.0
176.0
94.0
163.0
145.0
114.0
157.0
58.0
136.0
112.0
100.0
181.0
111.0
144.0
97.0
103.0
130.0
153.0
117.0
160.0
137.0
93.0
89.0
127.0
158.0
132.0
110.0
57.0
77.0
150.0
110.0
107.0
133.0
173.0
94.0
151.0
122.0
132.0
77.0
82.0
101.0
157.0
121.0
97.0
179.0
85.0
110.0
168.0
133.0
156.0
150.0
131.0
179.0
99.0
171.0
159.0
105.0
134.0
130.0
139.0
116.0
108.0
147.0
151.0
103.0
133.0
190.0
116.0
123.0
120.0
111.0
113.0
111.0
140.0
108.0
99.0
168.0
115.0
61.0
133.0
164.0
90.0
103.0
173.0
179.0
140.0
149.0
182.0
141.0
115.0
161.0
131.0
163.0
123.0
112.0
127.0
173.0
133.0
73.0
117.0
142.0
122.0
121.0
168.0
161.0
139.0
171.0
145.0
---
day_to_day_activities_not_limited
1375.0
1156.0
1857.0
1966.0
1390.0
1280.0
1203.0
1738.0
1589.0
1662.0
1321.0
1979.0
1342.0
1199.0
1532.0
1428.0
1760.0
1330.0
2502.0
1505.0
1415.0
1281.0
1388.0
1575.0
1376.0
1724.0
1447.0
1560.0
1529.0
1539.0
1864.0
1719.0
1512.0
1415.0
1391.0
1485.0
1589.0
1275.0
1671.0
2022.0
1362.0
1560.0
1594.0
1254.0
1423.0
1313.0
1406.0
1726.0
1338.0
2283.0
1759.0
1338.0
1306.0
1890.0
1771.0
1244.0
1665.0
1725.0
1826.0
1605.0
1376.0
1820.0
1294.0
1328.0
1374.0
1414.0
2155.0
1702.0
1389.0
1525.0
1246.0
1407.0
1298.0
1849.0
1437.0
1352.0
1346.0
1567.0
1158.0
1381.0
1561.0
1236.0
1824.0
1349.0
1556.0
1348.0
1311.0
1320.0
1376.0
1327.0
2216.0
1420.0
1230.0
1132.0
2717.0
1873.0
1192.0
1640.0
1504.0
1414.0
1188.0
1341.0
2557.0
1392.0
2173.0
1203.0
1242.0
1418.0
1147.0
1358.0
1356.0
1403.0
1603.0
1496.0
1293.0
1750.0
2011.0
1359.0
1393.0
1960.0
1365.0
1398.0
1268.0
2174.0
1388.0
1643.0
1726.0
1587.0
1220.0
1270.0
1418.0
1358.0
1448.0
1999.0
1662.0
1298.0
2035.0
1574.0
1622.0
1248.0
1705.0
1418.0
1297.0
1389.0
1771.0
1442.0
1274.0
1437.0
1009.0
1295.0
2017.0
1406.0
1338.0
1178.0
1427.0
1596.0
1030.0
1586.0
---
very_good_or_good_health
1351.0
1121.0
1768.0
1946.0
1358.0
1252.0
1174.0
1685.0
1586.0
1649.0
1343.0
1907.0
1314.0
1135.0
1493.0
1411.0
1704.0
1330.0
2482.0
1458.0
1388.0
1254.0
1342.0
1527.0
1331.0
1709.0
1432.0
1521.0
1514.0
1501.0
1847.0
1674.0
1498.0
1368.0
1384.0
1427.0
1586.0
1250.0
1612.0
1981.0
1328.0
1561.0
1596.0
1245.0
1389.0
1301.0
1392.0
1723.0
1315.0
2215.0
1756.0
1298.0
1276.0
1837.0
1694.0
1194.0
1623.0
1701.0
1764.0
1593.0
1331.0
1745.0
1269.0
1288.0
1365.0
1389.0
2069.0
1657.0
1335.0
1454.0
1245.0
1326.0
1276.0
1806.0
1353.0
1319.0
1335.0
1544.0
1121.0
1347.0
1512.0
1217.0
1781.0
1317.0
1549.0
1313.0
1246.0
1267.0
1337.0
1299.0
2176.0
1358.0
1216.0
1091.0
2628.0
1839.0
1202.0
1617.0
1458.0
1357.0
1139.0
1300.0
2472.0
1339.0
2094.0
1224.0
1233.0
1347.0
1098.0
1307.0
1297.0
1388.0
1536.0
1459.0
1268.0
1717.0
1955.0
1314.0
1314.0
1888.0
1327.0
1377.0
1274.0
2124.0
1315.0
1656.0
1670.0
1552.0
1201.0
1299.0
1434.0
1323.0
1429.0
1941.0
1625.0
1263.0
2000.0
1501.0
1567.0
1256.0
1632.0
1386.0
1271.0
1347.0
1695.0
1450.0
1259.0
1440.0
953.0
1272.0
1973.0
1377.0
1299.0
1155.0
1405.0
1600.0
1020.0
1492.0
---
no_cars_or_vans_in_household
604.0
556.0
507.0
465.0
143.0
481.0
467.0
526.0
126.0
403.0
182.0
397.0
348.0
429.0
309.0
39.0
478.0
159.0
270.0
158.0
274.0
84.0
334.0
151.0
374.0
97.0
70.0
508.0
164.0
379.0
482.0
354.0
419.0
588.0
418.0
294.0
126.0
418.0
451.0
434.0
269.0
314.0
327.0
177.0
401.0
138.0
398.0
233.0
91.0
806.0
419.0
246.0
452.0
305.0
642.0
365.0
536.0
515.0
454.0
438.0
307.0
141.0
148.0
209.0
44.0
383.0
662.0
475.0
241.0
227.0
433.0
578.0
103.0
415.0
226.0
163.0
178.0
438.0
425.0
182.0
306.0
136.0
493.0
412.0
140.0
348.0
234.0
146.0
584.0
200.0
653.0
617.0
111.0
157.0
725.0
508.0
63.0
292.0
479.0
446.0
461.0
193.0
407.0
132.0
688.0
114.0
166.0
251.0
234.0
423.0
117.0
321.0
290.0
446.0
137.0
310.0
582.0
353.0
346.0
500.0
316.0
414.0
24.0
816.0
367.0
210.0
135.0
530.0
268.0
114.0
177.0
343.0
319.0
633.0
473.0
343.0
305.0
314.0
575.0
47.0
394.0
117.0
193.0
104.0
594.0
79.0
144.0
84.0
130.0
187.0
345.0
489.0
196.0
491.0
393.0
452.0
491.0
331.0
---
_1_car_or_van_in_household
286.0
175.0
258.0
428.0
263.0
187.0
175.0
165.0
416.0
336.0
342.0
294.0
217.0
171.0
155.0
216.0
237.0
352.0
413.0
259.0
365.0
222.0
235.0
272.0
221.0
338.0
270.0
352.0
415.0
316.0
345.0
359.0
339.0
206.0
323.0
217.0
416.0
255.0
210.0
388.0
257.0
326.0
405.0
325.0
200.0
239.0
367.0
393.0
191.0
190.0
428.0
320.0
158.0
333.0
220.0
246.0
308.0
253.0
340.0
287.0
250.0
277.0
327.0
231.0
232.0
252.0
356.0
278.0
229.0
287.0
205.0
159.0
269.0
264.0
287.0
320.0
274.0
345.0
183.0
314.0
234.0
295.0
396.0
267.0
362.0
303.0
264.0
262.0
228.0
340.0
175.0
219.0
227.0
247.0
395.0
362.0
225.0
310.0
243.0
248.0
192.0
255.0
549.0
294.0
295.0
303.0
222.0
315.0
239.0
223.0
246.0
288.0
191.0
207.0
261.0
416.0
382.0
216.0
225.0
284.0
193.0
256.0
172.0
312.0
216.0
388.0
277.0
231.0
276.0
324.0
388.0
211.0
298.0
303.0
277.0
352.0
247.0
343.0
181.0
215.0
263.0
292.0
291.0
202.0
276.0
234.0
319.0
279.0
234.0
223.0
222.0
261.0
281.0
225.0
235.0
285.0
176.0
235.0
---
_2_cars_or_vans_in_household
66.0
22.0
51.0
75.0
140.0
37.0
27.0
14.0
215.0
57.0
109.0
66.0
38.0
29.0
34.0
260.0
25.0
133.0
162.0
109.0
97.0
152.0
43.0
159.0
31.0
184.0
216.0
55.0
154.0
65.0
75.0
72.0
44.0
24.0
59.0
59.0
215.0
37.0
25.0
78.0
58.0
77.0
107.0
103.0
47.0
78.0
65.0
184.0
226.0
32.0
67.0
123.0
20.0
91.0
20.0
38.0
51.0
43.0
53.0
80.0
51.0
141.0
147.0
99.0
202.0
55.0
38.0
17.0
65.0
90.0
31.0
13.0
133.0
38.0
86.0
118.0
128.0
66.0
32.0
135.0
51.0
99.0
74.0
65.0
154.0
70.0
67.0
140.0
25.0
95.0
28.0
28.0
135.0
88.0
76.0
71.0
163.0
76.0
35.0
60.0
24.0
128.0
127.0
115.0
40.0
174.0
109.0
84.0
53.0
24.0
119.0
55.0
52.0
23.0
73.0
72.0
51.0
34.0
55.0
36.0
34.0
53.0
200.0
29.0
47.0
103.0
127.0
24.0
31.0
148.0
190.0
22.0
101.0
24.0
51.0
57.0
63.0
98.0
20.0
196.0
52.0
179.0
116.0
121.0
36.0
212.0
143.0
168.0
81.0
74.0
44.0
39.0
83.0
25.0
50.0
58.0
25.0
27.0
---
_3_cars_or_vans_in_household
8.0
2.0
4.0
12.0
28.0
5.0
1.0
3.0
37.0
8.0
20.0
10.0
5.0
3.0
6.0
83.0
2.0
27.0
37.0
24.0
12.0
40.0
9.0
38.0
2.0
33.0
53.0
7.0
13.0
11.0
16.0
10.0
12.0
5.0
6.0
9.0
37.0
3.0
3.0
10.0
4.0
14.0
21.0
19.0
15.0
9.0
8.0
40.0
78.0
2.0
9.0
19.0
8.0
24.0
2.0
6.0
9.0
7.0
7.0
19.0
6.0
32.0
38.0
33.0
65.0
14.0
6.0
5.0
24.0
22.0
6.0
1.0
27.0
4.0
15.0
26.0
36.0
15.0
2.0
45.0
6.0
33.0
15.0
13.0
24.0
9.0
19.0
32.0
3.0
13.0
5.0
5.0
30.0
9.0
7.0
12.0
52.0
13.0
2.0
10.0
3.0
17.0
25.0
24.0
9.0
42.0
20.0
23.0
12.0
5.0
42.0
9.0
4.0
3.0
16.0
6.0
9.0
4.0
10.0
2.0
9.0
8.0
75.0
6.0
4.0
16.0
60.0
5.0
3.0
39.0
30.0
7.0
7.0
1.0
5.0
6.0
16.0
23.0
4.0
58.0
3.0
20.0
33.0
30.0
2.0
60.0
41.0
51.0
13.0
15.0
10.0
6.0
14.0
3.0
11.0
4.0
1.0
1.0
---
_4_or_more_cars_or_vans_in_household
4.0
2.0
1.0
2.0
14.0
0.0
3.0
1.0
8.0
2.0
7.0
0.0
2.0
0.0
3.0
27.0
0.0
4.0
8.0
7.0
4.0
24.0
1.0
21.0
0.0
5.0
26.0
5.0
5.0
1.0
8.0
2.0
1.0
2.0
1.0
2.0
8.0
1.0
0.0
2.0
0.0
3.0
10.0
2.0
0.0
4.0
6.0
14.0
50.0
3.0
2.0
6.0
0.0
5.0
0.0
0.0
1.0
1.0
1.0
10.0
2.0
9.0
10.0
9.0
21.0
0.0
1.0
2.0
4.0
5.0
1.0
0.0
12.0
3.0
2.0
10.0
6.0
2.0
1.0
10.0
1.0
5.0
2.0
4.0
4.0
5.0
4.0
7.0
0.0
2.0
0.0
0.0
10.0
0.0
2.0
1.0
14.0
2.0
0.0
4.0
0.0
5.0
8.0
6.0
3.0
15.0
6.0
9.0
3.0
2.0
5.0
1.0
2.0
1.0
5.0
5.0
1.0
0.0
2.0
1.0
3.0
2.0
33.0
1.0
1.0
7.0
22.0
0.0
1.0
6.0
5.0
1.0
1.0
3.0
0.0
1.0
4.0
5.0
0.0
19.0
3.0
11.0
4.0
13.0
1.0
13.0
13.0
20.0
2.0
4.0
2.0
2.0
4.0
0.0
2.0
1.0
0.0
0.0
---
christian
800.0
786.0
934.0
778.0
896.0
685.0
495.0
764.0
983.0
662.0
809.0
1066.0
963.0
689.0
294.0
661.0
1068.0
810.0
1884.0
871.0
810.0
735.0
1064.0
998.0
601.0
925.0
958.0
864.0
890.0
759.0
1119.0
867.0
919.0
693.0
875.0
612.0
983.0
535.0
1109.0
1229.0
878.0
947.0
1165.0
812.0
923.0
714.0
805.0
1141.0
610.0
514.0
1057.0
1005.0
532.0
1062.0
889.0
821.0
774.0
895.0
878.0
691.0
837.0
545.0
806.0
907.0
1014.0
689.0
1151.0
1039.0
704.0
958.0
823.0
786.0
804.0
1269.0
966.0
816.0
940.0
928.0
433.0
863.0
931.0
796.0
929.0
886.0
936.0
905.0
880.0
845.0
758.0
726.0
609.0
714.0
931.0
668.0
1399.0
645.0
885.0
926.0
841.0
971.0
793.0
903.0
1078.0
693.0
1229.0
1029.0
592.0
648.0
772.0
662.0
695.0
802.0
501.0
1036.0
840.0
980.0
1053.0
926.0
867.0
1032.0
925.0
872.0
879.0
865.0
892.0
1051.0
572.0
882.0
590.0
994.0
1025.0
859.0
783.0
572.0
667.0
767.0
847.0
988.0
1054.0
920.0
1150.0
1019.0
984.0
686.0
1072.0
1091.0
943.0
1030.0
586.0
730.0
607.0
792.0
861.0
801.0
964.0
869.0
746.0
342.0
---
buddhist
12.0
22.0
29.0
36.0
23.0
38.0
12.0
42.0
12.0
22.0
25.0
72.0
41.0
19.0
5.0
8.0
37.0
10.0
25.0
17.0
9.0
6.0
8.0
14.0
14.0
3.0
22.0
13.0
21.0
13.0
22.0
64.0
8.0
18.0
26.0
21.0
12.0
10.0
14.0
34.0
12.0
15.0
7.0
14.0
25.0
6.0
19.0
21.0
11.0
26.0
18.0
26.0
20.0
39.0
38.0
3.0
27.0
8.0
24.0
38.0
7.0
24.0
7.0
10.0
6.0
36.0
23.0
104.0
26.0
31.0
7.0
31.0
6.0
24.0
9.0
9.0
14.0
23.0
9.0
17.0
3.0
21.0
18.0
29.0
11.0
20.0
11.0
7.0
34.0
23.0
43.0
42.0
8.0
11.0
34.0
22.0
13.0
64.0
28.0
20.0
24.0
10.0
74.0
30.0
21.0
0.0
11.0
12.0
3.0
22.0
16.0
14.0
14.0
6.0
2.0
20.0
30.0
34.0
10.0
40.0
16.0
14.0
12.0
27.0
16.0
13.0
4.0
15.0
4.0
8.0
5.0
65.0
20.0
39.0
21.0
9.0
130.0
4.0
19.0
15.0
43.0
17.0
18.0
4.0
23.0
5.0
10.0
12.0
5.0
6.0
17.0
33.0
7.0
10.0
30.0
22.0
10.0
17.0
---
hindu
16.0
9.0
62.0
10.0
106.0
13.0
7.0
75.0
24.0
3.0
54.0
23.0
4.0
8.0
377.0
370.0
15.0
13.0
35.0
58.0
46.0
123.0
18.0
88.0
7.0
32.0
142.0
169.0
75.0
12.0
24.0
108.0
13.0
14.0
17.0
108.0
24.0
7.0
5.0
14.0
15.0
33.0
18.0
39.0
11.0
58.0
51.0
80.0
277.0
53.0
25.0
56.0
268.0
278.0
10.0
9.0
25.0
11.0
98.0
106.0
11.0
418.0
29.0
20.0
46.0
26.0
12.0
23.0
333.0
50.0
19.0
12.0
68.0
7.0
91.0
35.0
7.0
14.0
19.0
35.0
38.0
26.0
26.0
96.0
15.0
25.0
130.0
164.0
23.0
26.0
81.0
12.0
70.0
228.0
164.0
55.0
34.0
78.0
35.0
38.0
9.0
23.0
735.0
269.0
101.0
10.0
74.0
152.0
45.0
155.0
310.0
28.0
230.0
18.0
89.0
66.0
90.0
8.0
19.0
139.0
37.0
38.0
178.0
36.0
22.0
52.0
248.0
42.0
42.0
54.0
65.0
7.0
87.0
23.0
7.0
55.0
481.0
46.0
12.0
102.0
37.0
27.0
29.0
266.0
24.0
7.0
7.0
52.0
17.0
47.0
603.0
29.0
170.0
11.0
36.0
17.0
4.0
7.0
---
jewish
47.0
11.0
5.0
52.0
55.0
36.0
13.0
9.0
22.0
33.0
1.0
2.0
1.0
11.0
3.0
136.0
8.0
3.0
0.0
15.0
2.0
61.0
0.0
0.0
21.0
20.0
80.0
5.0
73.0
4.0
27.0
19.0
3.0
12.0
19.0
3.0
22.0
31.0
3.0
3.0
4.0
5.0
19.0
2.0
50.0
1.0
9.0
10.0
155.0
16.0
16.0
2.0
4.0
4.0
12.0
2.0
27.0
10.0
3.0
171.0
4.0
25.0
76.0
0.0
3.0
30.0
13.0
1.0
10.0
24.0
0.0
5.0
21.0
1.0
5.0
9.0
23.0
86.0
13.0
2.0
2.0
3.0
7.0
2.0
7.0
6.0
1.0
5.0
9.0
11.0
50.0
25.0
3.0
0.0
5.0
192.0
1.0
4.0
8.0
4.0
10.0
0.0
9.0
19.0
4.0
2.0
118.0
1.0
0.0
0.0
9.0
10.0
1.0
1.0
2.0
12.0
6.0
2.0
0.0
4.0
0.0
17.0
6.0
26.0
2.0
6.0
1.0
5.0
1.0
3.0
9.0
2.0
2.0
10.0
9.0
38.0
0.0
3.0
4.0
18.0
0.0
7.0
0.0
0.0
5.0
8.0
3.0
136.0
2.0
3.0
0.0
4.0
2.0
15.0
29.0
12.0
6.0
1.0
---
muslim
117.0
255.0
449.0
71.0
156.0
85.0
92.0
399.0
34.0
80.0
41.0
192.0
90.0
354.0
934.0
113.0
230.0
17.0
216.0
338.0
98.0
185.0
243.0
242.0
288.0
26.0
129.0
86.0
184.0
128.0
162.0
295.0
48.0
137.0
71.0
648.0
34.0
162.0
226.0
162.0
391.0
77.0
65.0
50.0
331.0
76.0
97.0
50.0
137.0
782.0
72.0
99.0
320.0
331.0
407.0
128.0
554.0
57.0
340.0
277.0
221.0
684.0
47.0
37.0
16.0
173.0
129.0
265.0
305.0
258.0
168.0
161.0
133.0
280.0
160.0
354.0
35.0
91.0
189.0
102.0
274.0
23.0
101.0
109.0
28.0
74.0
136.0
101.0
102.0
159.0
150.0
241.0
58.0
131.0
696.0
84.0
46.0
222.0
333.0
130.0
226.0
48.0
526.0
300.0
695.0
12.0
329.0
353.0
80.0
310.0
230.0
159.0
917.0
300.0
263.0
277.0
556.0
204.0
201.0
353.0
313.0
185.0
61.0
255.0
320.0
88.0
676.0
247.0
97.0
32.0
54.0
219.0
162.0
614.0
486.0
172.0
381.0
392.0
213.0
54.0
381.0
63.0
56.0
343.0
190.0
21.0
35.0
93.0
88.0
378.0
757.0
118.0
204.0
240.0
160.0
87.0
240.0
1209.0
---
sikh
6.0
3.0
2.0
1.0
8.0
0.0
4.0
12.0
6.0
5.0
4.0
4.0
9.0
11.0
66.0
28.0
2.0
3.0
3.0
0.0
8.0
5.0
34.0
87.0
20.0
1.0
0.0
4.0
18.0
0.0
3.0
10.0
1.0
3.0
1.0
65.0
6.0
3.0
0.0
1.0
9.0
7.0
1.0
2.0
9.0
9.0
17.0
6.0
22.0
5.0
4.0
12.0
7.0
100.0
31.0
0.0
6.0
3.0
8.0
4.0
1.0
233.0
4.0
6.0
3.0
3.0
3.0
0.0
4.0
1.0
0.0
0.0
28.0
4.0
1.0
11.0
1.0
2.0
5.0
21.0
4.0
5.0
5.0
35.0
17.0
2.0
2.0
10.0
1.0
0.0
12.0
19.0
4.0
6.0
22.0
5.0
6.0
54.0
8.0
32.0
9.0
0.0
37.0
1.0
2.0
8.0
5.0
196.0
0.0
9.0
16.0
1.0
28.0
4.0
7.0
12.0
54.0
6.0
6.0
26.0
1.0
5.0
0.0
6.0
8.0
7.0
334.0
7.0
10.0
0.0
16.0
10.0
62.0
5.0
5.0
7.0
83.0
6.0
2.0
19.0
3.0
26.0
2.0
311.0
6.0
1.0
8.0
7.0
1.0
13.0
91.0
8.0
2.0
2.0
11.0
2.0
1.0
4.0
---
other_religion
9.0
8.0
13.0
12.0
69.0
1.0
2.0
7.0
7.0
12.0
2.0
20.0
5.0
9.0
13.0
65.0
7.0
5.0
5.0
7.0
15.0
21.0
5.0
7.0
8.0
5.0
35.0
8.0
27.0
7.0
5.0
7.0
7.0
9.0
10.0
3.0
7.0
11.0
14.0
10.0
4.0
9.0
5.0
3.0
8.0
10.0
11.0
11.0
46.0
4.0
7.0
9.0
10.0
6.0
13.0
6.0
19.0
6.0
14.0
12.0
11.0
9.0
18.0
7.0
5.0
18.0
14.0
10.0
17.0
29.0
11.0
13.0
11.0
6.0
12.0
9.0
5.0
8.0
12.0
4.0
7.0
8.0
8.0
2.0
5.0
11.0
6.0
3.0
5.0
2.0
12.0
11.0
1.0
2.0
11.0
16.0
8.0
6.0
8.0
8.0
4.0
8.0
25.0
7.0
18.0
6.0
7.0
8.0
2.0
4.0
19.0
12.0
7.0
7.0
3.0
6.0
5.0
11.0
9.0
7.0
1.0
14.0
2.0
13.0
8.0
11.0
5.0
11.0
12.0
1.0
1.0
10.0
17.0
7.0
10.0
5.0
2.0
4.0
15.0
5.0
8.0
4.0
5.0
5.0
13.0
3.0
4.0
23.0
7.0
7.0
5.0
7.0
6.0
10.0
10.0
7.0
10.0
2.0
---
no_religion
523.0
210.0
469.0
984.0
220.0
389.0
593.0
406.0
556.0
732.0
456.0
569.0
318.0
276.0
36.0
180.0
434.0
497.0
396.0
313.0
489.0
204.0
229.0
371.0
487.0
631.0
204.0
484.0
369.0
656.0
524.0
371.0
533.0
501.0
484.0
218.0
556.0
632.0
356.0
684.0
288.0
538.0
496.0
412.0
271.0
234.0
534.0
455.0
163.0
683.0
577.0
360.0
241.0
192.0
503.0
336.0
321.0
714.0
533.0
318.0
337.0
90.0
389.0
507.0
333.0
435.0
833.0
397.0
109.0
309.0
342.0
445.0
301.0
316.0
403.0
243.0
379.0
310.0
426.0
479.0
328.0
444.0
771.0
439.0
557.0
483.0
292.0
288.0
439.0
394.0
735.0
539.0
248.0
152.0
500.0
534.0
286.0
452.0
417.0
425.0
330.0
486.0
288.0
165.0
266.0
313.0
206.0
201.0
369.0
320.0
180.0
452.0
78.0
260.0
177.0
444.0
388.0
269.0
411.0
413.0
199.0
359.0
233.0
790.0
240.0
505.0
98.0
456.0
472.0
385.0
366.0
276.0
412.0
517.0
455.0
387.0
217.0
315.0
427.0
211.0
245.0
410.0
435.0
97.0
479.0
376.0
465.0
206.0
358.0
240.0
73.0
493.0
236.0
273.0
432.0
637.0
209.0
122.0
---

