RADIUS
2268.652253012685
10015.689215253524
2750.0390372065053
3241.909566095882
2740.266498672952
116.18570947135834
226.5726970012221
1552.6019007446291
1620.4476844907226
1102.349027770783
3413.9001999907778
2897.3110979540716
3293.954003208875
3961.22331284614
6862.566728440865
1317.9494583124035
9661.927692742283
612.8113626649562
5878.981060826829
5159.085909075772
843.3348507471966
190.67326117961952
2435.4390261152903
1908.6221650708142
7104.232952639387
3528.346243130689
1360.8560920019077
2460.512006334455
507.68461110023395
2369.6335269816877
703.0800569278923
550.0671363871436
2940.4938956821456
228.2889088800672
1385.0953926984891
1447.9736920008688
LIST TOTAL MOVEMENT
650602.9562984407
1505955.8932714853
552186.7925225887
434077.626204581
405119.8834094128
33258.61678040401
38380.07568528861
256220.28223402178
254380.9179709997
425814.2769435589
441560.69051208737
504605.8987286739
757586.0093616255
218848.77783312864
1706803.7204045453
174003.72876314484
1113641.8668348505
135904.48714637483
873700.1654917544
441299.403157821
210764.77910573108
63658.42084537941
521755.861014942
154821.91555065475
363172.54558737425
477838.677204576
192763.1624918477
269363.66043699096
71397.32310049924
557321.6396625312
338904.0631405016
108664.0605348162
399203.2774529311
221478.20248472376
804578.6241967478
203949.68261852732
NUMBER OF MESSAGES
1284.0
1602.0
1423.0
1608.0
3540.0
2552.0
1511.0
2269.0
1628.0
3205.0
1440.0
1750.0
3779.0
1256.0
1164.0
1657.0
1697.0
2477.0
1674.0
1229.0
2021.0
2798.0
5164.0
1483.0
1678.0
1358.0
2294.0
6137.0
2167.0
1547.0
6738.0
2814.0
2188.0
3683.0
2180.0
3629.0
NUMBER OF DISPLACEMENTS
282.0
297.0
267.0
216.0
675.0
86.0
30.0
99.0
215.0
1420.0
122.0
252.0
649.0
40.0
369.0
147.0
800.0
80.0
917.0
145.0
341.0
106.0
473.0
130.0
137.0
287.0
122.0
400.0
146.0
172.0
521.0
88.0
280.0
955.0
466.0
403.0
DISPLACEMENTS PER DAY MEDIAN
5.0
7.17948717948718
5.804878048780488
7.413793103448276
31.571428571428573
4.368421052631579
3.75
2.5161290322580645
8.782608695652174
35.666666666666664
4.038461538461538
6.914285714285715
17.583333333333332
2.5
8.0
4.0
33.91304347826087
3.391304347826087
24.72222222222222
9.2
14.0
5.526315789473684
10.222222222222221
4.730769230769231
5.6521739130434785
14.473684210526315
7.0625
24.75
9.533333333333333
6.541666666666667
17.1
4.578947368421052
8.483870967741936
22.357142857142858
10.022727272727273
22.055555555555557
DISTANCE DISPLACEMENT MEDIAN
2289.2912771832025
5028.291441288927
2038.9623137556084
1953.9585868222348
542.4881376891001
243.9016202726993
940.6972976880426
2440.034475806228
1115.1167903388962
289.00326417521944
3534.1733731786403
1967.5986571581464
1119.9721511884054
5128.42597413388
4624.780531766558
1125.4282862998332
1383.4296669814364
1598.2533104212525
941.8602151271581
2992.665960670539
571.1275304761045
519.1534925841622
1025.2939932574664
1051.3037400122032
2504.2464198176576
1632.6631849592393
1388.366478138526
629.8390351121336
387.247067730264
3159.2059641641436
594.3035783707254
1127.3544087657249
1363.086902249382
211.22736568906652
1712.8992918252284
471.5730212744141
MEDIAN PRICES
2.0
2.0
1.0
1.0
2.0
3.0
2.0
3.0
1.0
1.0
1.0
2.0
1.0
2.0
2.0
1.0
2.0
1.0
1.0
2.0
2.0
2.0
1.0
2.0
2.0
1.0
2.0
1.0
2.0
2.0
1.0
2.0
2.0
2.0
2.0
1.0
---
--------------HERE WE START THE SOCIAL VARIABLES--------------
age_structure_all_ages
1217.0
1830.0
1246.0
1907.0
2049.0
2578.0
1905.0
2155.0
1775.0
1573.0
1692.0
1582.0
1831.0
1915.0
1639.0
1709.0
1820.0
1488.0
1770.0
1643.0
1643.0
2123.0
1513.0
1809.0
1413.0
1592.0
1804.0
1806.0
2394.0
1705.0
2143.0
2059.0
1765.0
2079.0
1441.0
1532.0
---
age_structure_0_15
121.0
341.0
194.0
341.0
570.0
485.0
400.0
222.0
279.0
468.0
266.0
241.0
393.0
579.0
127.0
318.0
245.0
321.0
261.0
294.0
352.0
530.0
171.0
295.0
270.0
327.0
304.0
247.0
612.0
248.0
473.0
583.0
212.0
404.0
235.0
314.0
---
age_structure_16_29
455.0
488.0
372.0
358.0
510.0
787.0
438.0
769.0
519.0
342.0
427.0
413.0
439.0
395.0
643.0
338.0
495.0
259.0
511.0
468.0
503.0
452.0
401.0
414.0
194.0
272.0
491.0
579.0
506.0
608.0
545.0
456.0
524.0
503.0
251.0
378.0
---
age_structure_30_44
436.0
503.0
364.0
478.0
502.0
834.0
453.0
708.0
538.0
393.0
515.0
476.0
623.0
413.0
522.0
439.0
554.0
358.0
541.0
333.0
428.0
464.0
371.0
563.0
430.0
347.0
491.0
543.0
614.0
341.0
539.0
454.0
522.0
498.0
256.0
428.0
---
age_structure_45_64
157.0
377.0
256.0
438.0
363.0
376.0
389.0
295.0
323.0
286.0
368.0
287.0
272.0
324.0
265.0
399.0
320.0
358.0
341.0
319.0
305.0
454.0
328.0
301.0
332.0
334.0
363.0
329.0
392.0
289.0
397.0
380.0
345.0
436.0
443.0
306.0
---
age_structure_65_plus
48.0
121.0
60.0
292.0
104.0
96.0
225.0
161.0
116.0
84.0
116.0
165.0
104.0
204.0
82.0
215.0
206.0
192.0
116.0
229.0
55.0
223.0
242.0
236.0
187.0
312.0
155.0
108.0
270.0
219.0
189.0
186.0
162.0
238.0
256.0
106.0
---
age_structure_working_age
1048.0
1368.0
992.0
1274.0
1375.0
1997.0
1280.0
1772.0
1380.0
1021.0
1310.0
1176.0
1334.0
1132.0
1430.0
1176.0
1369.0
975.0
1393.0
1120.0
1236.0
1370.0
1100.0
1278.0
956.0
953.0
1345.0
1451.0
1512.0
1238.0
1481.0
1290.0
1391.0
1437.0
950.0
1112.0
---
persons_per_hectare
133.651804670913
94.1377625793845
156.423173803526
24.8234997478568
109.165751920966
77.4561403508772
60.2265575833858
133.292231812577
125.296167247387
262.917933130699
102.728351126928
97.2087378640777
190.577507598784
69.0185120502969
49.8545666084933
65.0692624485212
37.7898769913289
41.7731846614088
104.569892473118
29.0616710875332
92.5845147219193
84.8915187376726
89.6844660194175
114.052089642641
103.264726756565
63.205329153605
177.594568380213
28.0626343260669
102.218570254725
77.7827447474296
62.6981919332406
58.0680570801317
103.100775193798
35.4321404456448
33.7792642140468
119.529411764706
---
all_households
585.0
692.0
568.0
896.0
758.0
1202.0
641.0
987.0
771.0
630.0
825.0
712.0
744.0
770.0
854.0
683.0
953.0
647.0
775.0
708.0
675.0
600.0
828.0
782.0
653.0
630.0
750.0
781.0
1134.0
582.0
789.0
695.0
862.0
938.0
565.0
627.0
---
couple_household_with_dependent_children
46.0
132.0
54.0
154.0
145.0
154.0
141.0
78.0
68.0
112.0
73.0
96.0
166.0
145.0
59.0
146.0
100.0
120.0
135.0
78.0
65.0
184.0
61.0
122.0
138.0
135.0
68.0
92.0
154.0
99.0
142.0
150.0
74.0
105.0
114.0
105.0
---
couple_household_without_dependent_children
117.0
146.0
87.0
213.0
101.0
235.0
167.0
220.0
142.0
76.0
165.0
148.0
138.0
121.0
152.0
171.0
188.0
138.0
222.0
109.0
95.0
130.0
119.0
195.0
181.0
171.0
120.0
177.0
128.0
121.0
126.0
127.0
191.0
164.0
227.0
123.0
---
one_person_household
229.0
185.0
215.0
383.0
261.0
423.0
131.0
341.0
263.0
206.0
348.0
251.0
238.0
218.0
414.0
183.0
491.0
229.0
243.0
299.0
209.0
96.0
455.0
255.0
237.0
196.0
268.0
274.0
513.0
173.0
210.0
147.0
357.0
355.0
137.0
210.0
---
white
694.0
720.0
654.0
1638.0
699.0
1295.0
1220.0
1612.0
1053.0
776.0
1200.0
1228.0
1034.0
1258.0
843.0
1116.0
1065.0
1209.0
1342.0
769.0
635.0
429.0
1101.0
1026.0
1254.0
1388.0
889.0
1180.0
893.0
960.0
970.0
802.0
1373.0
1239.0
1214.0
861.0
---
mixed_multiple_ethnic_groups
104.0
79.0
131.0
98.0
89.0
216.0
72.0
143.0
131.0
104.0
95.0
78.0
91.0
117.0
83.0
62.0
92.0
65.0
70.0
61.0
146.0
75.0
76.0
94.0
59.0
29.0
129.0
129.0
178.0
68.0
140.0
118.0
89.0
104.0
23.0
90.0
---
asian_asian_british
153.0
854.0
75.0
110.0
906.0
515.0
440.0
141.0
86.0
238.0
169.0
116.0
232.0
147.0
580.0
437.0
412.0
61.0
281.0
534.0
108.0
1342.0
97.0
507.0
63.0
70.0
167.0
191.0
286.0
438.0
538.0
347.0
153.0
424.0
144.0
293.0
---
black_african_caribbean_black_british
213.0
130.0
322.0
32.0
302.0
486.0
109.0
210.0
469.0
245.0
185.0
119.0
314.0
358.0
84.0
56.0
228.0
143.0
27.0
216.0
700.0
181.0
149.0
92.0
20.0
96.0
525.0
235.0
929.0
135.0
361.0
650.0
115.0
279.0
50.0
260.0
---
united_kingdom
668.0
733.0
563.0
1520.0
1186.0
1459.0
1388.0
1460.0
1156.0
868.0
1070.0
976.0
1037.0
1464.0
711.0
1075.0
1086.0
1302.0
1197.0
900.0
961.0
1104.0
871.0
886.0
1060.0
1392.0
1137.0
972.0
1255.0
772.0
1219.0
1046.0
1130.0
1481.0
1292.0
902.0
---
not_united_kingdom
549.0
1097.0
683.0
387.0
863.0
1119.0
517.0
695.0
619.0
705.0
622.0
606.0
794.0
451.0
928.0
634.0
734.0
186.0
573.0
743.0
682.0
1019.0
642.0
923.0
353.0
200.0
667.0
834.0
1139.0
933.0
924.0
1013.0
635.0
598.0
149.0
630.0
---
median_price
386250.0
230000.0
267000.0
385000.0
185000.0
185000.0
249950.0
298500.0
338500.0
641000.0
399950.0
375000.0
193750.0
176500.0
357500.0
232500.0
203000.0
235000.0
281250.0
370000.0
272500.0
250000.0
345000.0
220000.0
499950.0
182500.0
275000.0
310000.0
129125.0
315000.0
237500.0
212750.0
600000.0
217500.0
250000.0
245000.0
---
sales
10.0
7.0
7.0
35.0
8.0
35.0
19.0
28.0
15.0
11.0
29.0
31.0
22.0
10.0
70.0
14.0
27.0
15.0
32.0
9.0
4.0
11.0
13.0
25.0
27.0
20.0
17.0
12.0
2.0
15.0
20.0
12.0
33.0
14.0
18.0
21.0
---
economically_active_total
885.0
1076.0
814.0
1034.0
903.0
1628.0
949.0
1510.0
1174.0
672.0
990.0
974.0
1104.0
790.0
1121.0
951.0
1135.0
780.0
1126.0
672.0
907.0
983.0
823.0
1011.0
810.0
790.0
1057.0
1129.0
977.0
832.0
981.0
910.0
1149.0
1058.0
796.0
848.0
---
economically_inactive_total
184.0
360.0
217.0
357.0
526.0
424.0
429.0
346.0
270.0
390.0
372.0
293.0
294.0
419.0
357.0
315.0
322.0
279.0
324.0
584.0
365.0
517.0
384.0
372.0
248.0
285.0
370.0
381.0
674.0
500.0
578.0
478.0
328.0
479.0
295.0
327.0
---
economically_active_employee
564.0
749.0
594.0
774.0
565.0
1226.0
715.0
1014.0
884.0
486.0
657.0
771.0
797.0
538.0
916.0
685.0
855.0
601.0
812.0
478.0
593.0
655.0
602.0
714.0
535.0
594.0
693.0
799.0
661.0
516.0
661.0
598.0
809.0
732.0
586.0
599.0
---
economically_active_self_employed
195.0
154.0
93.0
154.0
125.0
203.0
92.0
335.0
148.0
71.0
205.0
139.0
187.0
110.0
128.0
166.0
132.0
95.0
160.0
57.0
129.0
164.0
129.0
189.0
221.0
109.0
189.0
189.0
94.0
175.0
198.0
140.0
240.0
157.0
147.0
125.0
---
economically_active_unemployed
89.0
53.0
73.0
50.0
148.0
124.0
62.0
97.0
83.0
70.0
76.0
38.0
72.0
111.0
28.0
45.0
109.0
57.0
38.0
61.0
117.0
80.0
61.0
59.0
32.0
47.0
122.0
80.0
157.0
33.0
81.0
95.0
64.0
109.0
32.0
63.0
---
economically_active_full_time_student
37.0
120.0
54.0
56.0
65.0
75.0
80.0
64.0
59.0
45.0
52.0
26.0
48.0
31.0
49.0
55.0
39.0
27.0
116.0
76.0
68.0
84.0
31.0
49.0
22.0
40.0
53.0
61.0
65.0
108.0
41.0
77.0
36.0
60.0
31.0
61.0
---
employment_rate
71.0009354536951
62.883008356546
66.6343355965082
66.7145938173976
48.2855143456963
69.6393762183236
58.5631349782293
72.6831896551724
71.4681440443213
52.4482109227872
63.2892804698972
71.8232044198895
70.3862660944206
53.5980148883375
70.6359945872801
67.219589257504
67.741935483871
65.7223796033994
67.0344827586207
42.5955414012739
56.7610062893082
54.6
60.5633802816901
65.29284164859
71.4555765595463
65.3953488372093
61.8079887876664
65.4304635761589
45.7298606904906
51.8768768768769
55.0994227068634
53.1700288184438
71.0223425863236
57.839947950553
67.186067827681
61.6170212765957
---
unemployment_rate
10.0564971751412
4.92565055762082
8.96805896805897
4.83558994197292
16.3898117386489
7.61670761670762
6.5331928345627
6.42384105960265
7.06984667802385
10.4166666666667
7.67676767676768
3.90143737166324
6.52173913043478
14.0506329113924
2.49776984834969
4.73186119873817
9.60352422907489
7.30769230769231
3.37477797513322
9.07738095238095
12.8996692392503
8.1383519837233
7.41190765492102
5.83580613254204
3.95061728395062
5.94936708860759
11.5421002838221
7.0859167404783
16.0696008188332
3.96634615384615
8.25688073394496
10.4395604395604
5.57006092254134
10.3024574669187
4.02010050251256
7.42924528301887
---
no_qualifications
121.0
184.0
187.0
218.0
451.0
243.0
379.0
214.0
168.0
231.0
236.0
148.0
160.0
404.0
60.0
240.0
231.0
300.0
98.0
361.0
223.0
314.0
259.0
208.0
95.0
350.0
267.0
167.0
616.0
202.0
366.0
412.0
157.0
486.0
232.0
256.0
---
highest_level_of_qualification_level_1_qualifications
81.0
148.0
79.0
143.0
237.0
243.0
267.0
102.0
106.0
107.0
97.0
92.0
207.0
233.0
65.0
128.0
200.0
181.0
97.0
163.0
137.0
182.0
100.0
121.0
74.0
217.0
126.0
114.0
255.0
102.0
172.0
201.0
64.0
198.0
198.0
143.0
---
highest_level_of_qualification_level_2_qualifications
92.0
147.0
101.0
166.0
150.0
256.0
218.0
125.0
137.0
135.0
105.0
132.0
144.0
189.0
68.0
168.0
161.0
178.0
156.0
150.0
161.0
193.0
127.0
138.0
97.0
211.0
158.0
124.0
202.0
165.0
204.0
209.0
84.0
190.0
232.0
155.0
---
highest_level_of_qualification_apprenticeship
6.0
22.0
9.0
26.0
20.0
19.0
41.0
14.0
10.0
19.0
18.0
22.0
20.0
24.0
2.0
21.0
27.0
26.0
16.0
13.0
16.0
27.0
21.0
17.0
7.0
38.0
13.0
16.0
11.0
11.0
28.0
18.0
9.0
22.0
59.0
19.0
---
highest_level_of_qualification_level_3_qualifications
100.0
154.0
95.0
194.0
137.0
241.0
170.0
198.0
126.0
107.0
123.0
107.0
142.0
134.0
192.0
137.0
138.0
137.0
230.0
185.0
137.0
198.0
162.0
141.0
127.0
158.0
149.0
153.0
156.0
199.0
147.0
131.0
128.0
158.0
124.0
130.0
---
highest_level_of_qualification_level_4_qualifications_and_abov
575.0
572.0
391.0
739.0
331.0
822.0
298.0
1163.0
819.0
368.0
729.0
740.0
572.0
232.0
1006.0
569.0
648.0
281.0
810.0
339.0
476.0
505.0
537.0
660.0
689.0
235.0
666.0
755.0
357.0
581.0
497.0
327.0
976.0
506.0
306.0
394.0
---
day_to_day_activities_limited_a_lot
62.0
102.0
59.0
159.0
161.0
113.0
152.0
104.0
88.0
122.0
138.0
80.0
63.0
164.0
39.0
112.0
153.0
152.0
49.0
229.0
125.0
122.0
176.0
132.0
54.0
177.0
164.0
101.0
255.0
116.0
148.0
130.0
124.0
224.0
80.0
93.0
---
day_to_day_activities_limited_a_little
66.0
118.0
81.0
164.0
153.0
141.0
178.0
119.0
132.0
113.0
139.0
112.0
83.0
178.0
57.0
110.0
148.0
140.0
91.0
152.0
86.0
181.0
165.0
129.0
86.0
127.0
142.0
125.0
239.0
109.0
172.0
129.0
112.0
189.0
117.0
140.0
---
day_to_day_activities_not_limited
1089.0
1610.0
1106.0
1584.0
1735.0
2324.0
1575.0
1932.0
1555.0
1338.0
1415.0
1390.0
1685.0
1573.0
1543.0
1487.0
1519.0
1196.0
1630.0
1262.0
1432.0
1820.0
1172.0
1548.0
1273.0
1288.0
1498.0
1580.0
1900.0
1480.0
1823.0
1800.0
1529.0
1666.0
1244.0
1299.0
---
very_good_or_good_health
1061.0
1544.0
1053.0
1563.0
1622.0
2270.0
1527.0
1887.0
1510.0
1304.0
1368.0
1378.0
1616.0
1507.0
1507.0
1451.0
1480.0
1196.0
1605.0
1209.0
1391.0
1745.0
1149.0
1493.0
1250.0
1265.0
1465.0
1542.0
1780.0
1452.0
1759.0
1690.0
1531.0
1598.0
1217.0
1251.0
---
no_cars_or_vans_in_household
444.0
301.0
429.0
344.0
475.0
701.0
151.0
610.0
480.0
450.0
588.0
322.0
372.0
346.0
565.0
240.0
549.0
226.0
271.0
518.0
485.0
141.0
567.0
319.0
197.0
186.0
516.0
516.0
778.0
241.0
337.0
289.0
568.0
569.0
75.0
312.0
---
_1_car_or_van_in_household
118.0
288.0
122.0
392.0
249.0
417.0
272.0
322.0
248.0
157.0
206.0
314.0
318.0
320.0
258.0
325.0
346.0
283.0
372.0
161.0
159.0
277.0
227.0
356.0
354.0
278.0
208.0
228.0
313.0
212.0
326.0
312.0
237.0
313.0
237.0
246.0
---
_2_cars_or_vans_in_household
19.0
74.0
14.0
142.0
28.0
77.0
159.0
46.0
40.0
20.0
24.0
63.0
44.0
86.0
26.0
98.0
46.0
111.0
114.0
25.0
26.0
141.0
30.0
96.0
90.0
138.0
20.0
30.0
38.0
106.0
81.0
74.0
45.0
53.0
191.0
62.0
---
_3_cars_or_vans_in_household
3.0
21.0
2.0
15.0
6.0
6.0
38.0
6.0
3.0
3.0
5.0
9.0
8.0
16.0
4.0
18.0
10.0
19.0
15.0
1.0
3.0
32.0
2.0
9.0
9.0
18.0
4.0
6.0
3.0
17.0
42.0
16.0
10.0
3.0
45.0
6.0
---
_4_or_more_cars_or_vans_in_household
1.0
8.0
1.0
3.0
0.0
1.0
21.0
3.0
0.0
0.0
2.0
4.0
2.0
2.0
1.0
2.0
2.0
8.0
3.0
3.0
2.0
9.0
2.0
2.0
3.0
10.0
2.0
1.0
2.0
6.0
3.0
4.0
2.0
0.0
17.0
1.0
---
christian
425.0
705.0
687.0
1013.0
619.0
1236.0
998.0
824.0
796.0
822.0
693.0
897.0
903.0
1103.0
808.0
939.0
862.0
832.0
788.0
556.0
855.0
545.0
862.0
716.0
798.0
1022.0
745.0
672.0
1199.0
691.0
918.0
1098.0
693.0
874.0
911.0
740.0
---
buddhist
18.0
74.0
12.0
20.0
25.0
33.0
14.0
30.0
21.0
20.0
18.0
10.0
24.0
3.0
55.0
32.0
20.0
10.0
26.0
17.0
17.0
24.0
13.0
41.0
18.0
2.0
8.0
37.0
6.0
29.0
10.0
10.0
17.0
14.0
11.0
13.0
---
hindu
15.0
280.0
4.0
25.0
15.0
205.0
88.0
13.0
11.0
2.0
14.0
11.0
35.0
30.0
54.0
66.0
201.0
15.0
90.0
23.0
1.0
418.0
12.0
188.0
6.0
22.0
3.0
21.0
77.0
181.0
129.0
93.0
22.0
13.0
34.0
113.0
---
jewish
4.0
3.0
1.0
4.0
3.0
5.0
0.0
20.0
6.0
5.0
12.0
12.0
7.0
6.0
19.0
4.0
5.0
4.0
7.0
3.0
2.0
25.0
20.0
89.0
16.0
13.0
24.0
10.0
3.0
256.0
11.0
5.0
28.0
21.0
4.0
1.0
---
muslim
125.0
305.0
73.0
32.0
860.0
228.0
242.0
128.0
99.0
397.0
137.0
78.0
215.0
145.0
85.0
63.0
94.0
37.0
100.0
496.0
203.0
684.0
119.0
196.0
23.0
29.0
242.0
238.0
673.0
167.0
586.0
497.0
68.0
422.0
21.0
167.0
---
sikh
15.0
135.0
2.0
3.0
21.0
13.0
87.0
9.0
3.0
2.0
3.0
4.0
16.0
11.0
3.0
11.0
11.0
1.0
15.0
2.0
5.0
233.0
0.0
4.0
1.0
6.0
19.0
8.0
6.0
7.0
2.0
6.0
17.0
5.0
60.0
5.0
---
other_religion
12.0
12.0
10.0
9.0
7.0
16.0
7.0
22.0
12.0
6.0
9.0
8.0
9.0
4.0
14.0
18.0
26.0
5.0
16.0
5.0
4.0
9.0
13.0
42.0
5.0
10.0
10.0
11.0
3.0
10.0
9.0
1.0
8.0
5.0
3.0
0.0
---
no_religion
501.0
178.0
339.0
625.0
202.0
645.0
371.0
920.0
622.0
205.0
501.0
424.0
426.0
484.0
476.0
427.0
468.0
470.0
556.0
283.0
398.0
90.0
311.0
387.0
421.0
386.0
579.0
657.0
246.0
233.0
326.0
202.0
601.0
398.0
293.0
374.0
---

