RADIUS
1458.9514927401217
5583.350606768483
1598.9147150009385
15.102074117323903
258.1719886054692
1009.8954751654327
12.766056191953655
323.16059854220345
622.4390290507525
1903.482376568364
2087.8263466587982
885.3234243798388
3145.787493651736
869.0979676909525
8052.950546208743
64.97695730258044
6169.754934827914
4324.19108443184
481.43775130775686
653.4997351491678
782.2494298335943
1065.5733429722877
13.359859896322192
6163.709906932259
14.015450508330973
1993.8897520798223
355.4373879302449
5469.2163116725405
1363.6043798441774
1246.8015673479479
658.8734539935986
115.03141570792025
1200.520592449402
154.00129597180018
LIST TOTAL MOVEMENT
113836.3657573431
75289.9411906733
41171.622465997214
1448.660293590768
4202.930403832384
30851.640231694408
896.3523728123209
12689.453592858916
7032.225922649439
60257.89769305161
77815.17949897601
26477.706610618305
56310.87865675439
37326.18578027479
237763.81237694848
2842.080813272012
115986.25683791659
13851.498623260648
33705.46494765921
11957.48265476822
24377.380970808466
22374.75442869779
1991.9151979277422
95639.78992449047
4482.843547798922
50178.63856193379
9344.116110374775
87864.1529074642
58847.31049497093
29825.31306379141
19123.321391025376
21568.433874386687
77814.73306983987
7239.935982632793
NUMBER OF MESSAGES
182.0
74.0
311.0
98.0
158.0
493.0
74.0
226.0
116.0
227.0
703.0
187.0
47.0
331.0
416.0
268.0
205.0
24.0
384.0
111.0
217.0
145.0
234.0
534.0
410.0
1426.0
232.0
121.0
218.0
440.0
147.0
345.0
177.0
88.0
NUMBER OF DISPLACEMENTS
47.0
18.0
29.0
0.0
5.0
14.0
0.0
65.0
3.0
37.0
213.0
2.0
24.0
18.0
211.0
2.0
124.0
5.0
47.0
7.0
42.0
18.0
1.0
59.0
4.0
82.0
34.0
39.0
46.0
23.0
6.0
101.0
43.0
23.0
DISPLACEMENTS PER DAY MEDIAN
8.4
4.25
5.2
42.962962962963
2.0
4.0
10.7764705882353
16.0
3.0
6.8
52.75
1.0
3.1666666666666665
4.25
52.0
2.0
30.25
5.0
15.333333333333334
3.5
8.2
5.333333333333333
1.0
19.0
2.0
20.25
11.0
9.0
15.0
7.666666666666667
3.0
20.0
7.8
11.5
DISTANCE DISPLACEMENT MEDIAN
2407.687468921666
4146.547857142812
1357.2373701533857
501.915157578245
620.8262042753337
1956.0540032918339
863.04651498908
178.75956730410087
2162.7343136887407
1596.6187020796726
339.17358785089874
12126.49509129753
2340.9417265880115
1953.9895670065182
1119.484842567094
1062.7486220669225
926.6265130465462
2752.6164696682963
654.131455536518
1655.7961109664168
539.9771100160933
1153.5539873541748
52.86657996186402
1542.4336953557731
57.1761369409101
565.1775629160078
225.87596346776706
2225.1783965067348
1250.3982120232563
1240.6704897439856
3020.0983794749886
194.9560959893758
1795.086998180031
282.91562874536476
MEDIAN PRICES
2.0
2.0
2.0
1.0
1.0
1.0
1.0
1.0
1.0
1.0
1.0
1.0
1.0
1.0
2.0
1.0
1.0
2.0
1.0
1.0
1.0
1.0
1.0
1.0
1.0
1.0
1.0
2.0
2.0
2.0
1.0
1.0
1.0
1.0
---
--------------HERE WE START THE SOCIAL VARIABLES--------------
age_structure_all_ages
1217.0
1830.0
1246.0
2049.0
1905.0
2155.0
1775.0
1573.0
1692.0
1582.0
1831.0
1915.0
1639.0
1709.0
1820.0
1488.0
1770.0
1643.0
1643.0
2123.0
1513.0
1809.0
1413.0
1592.0
1804.0
1806.0
2394.0
1705.0
2143.0
2059.0
1765.0
2079.0
1441.0
1532.0
---
age_structure_0_15
121.0
341.0
194.0
570.0
400.0
222.0
279.0
468.0
266.0
241.0
393.0
579.0
127.0
318.0
245.0
321.0
261.0
294.0
352.0
530.0
171.0
295.0
270.0
327.0
304.0
247.0
612.0
248.0
473.0
583.0
212.0
404.0
235.0
314.0
---
age_structure_16_29
455.0
488.0
372.0
510.0
438.0
769.0
519.0
342.0
427.0
413.0
439.0
395.0
643.0
338.0
495.0
259.0
511.0
468.0
503.0
452.0
401.0
414.0
194.0
272.0
491.0
579.0
506.0
608.0
545.0
456.0
524.0
503.0
251.0
378.0
---
age_structure_30_44
436.0
503.0
364.0
502.0
453.0
708.0
538.0
393.0
515.0
476.0
623.0
413.0
522.0
439.0
554.0
358.0
541.0
333.0
428.0
464.0
371.0
563.0
430.0
347.0
491.0
543.0
614.0
341.0
539.0
454.0
522.0
498.0
256.0
428.0
---
age_structure_45_64
157.0
377.0
256.0
363.0
389.0
295.0
323.0
286.0
368.0
287.0
272.0
324.0
265.0
399.0
320.0
358.0
341.0
319.0
305.0
454.0
328.0
301.0
332.0
334.0
363.0
329.0
392.0
289.0
397.0
380.0
345.0
436.0
443.0
306.0
---
age_structure_65_plus
48.0
121.0
60.0
104.0
225.0
161.0
116.0
84.0
116.0
165.0
104.0
204.0
82.0
215.0
206.0
192.0
116.0
229.0
55.0
223.0
242.0
236.0
187.0
312.0
155.0
108.0
270.0
219.0
189.0
186.0
162.0
238.0
256.0
106.0
---
age_structure_working_age
1048.0
1368.0
992.0
1375.0
1280.0
1772.0
1380.0
1021.0
1310.0
1176.0
1334.0
1132.0
1430.0
1176.0
1369.0
975.0
1393.0
1120.0
1236.0
1370.0
1100.0
1278.0
956.0
953.0
1345.0
1451.0
1512.0
1238.0
1481.0
1290.0
1391.0
1437.0
950.0
1112.0
---
persons_per_hectare
133.651804670913
94.1377625793845
156.423173803526
109.165751920966
60.2265575833858
133.292231812577
125.296167247387
262.917933130699
102.728351126928
97.2087378640777
190.577507598784
69.0185120502969
49.8545666084933
65.0692624485212
37.7898769913289
41.7731846614088
104.569892473118
29.0616710875332
92.5845147219193
84.8915187376726
89.6844660194175
114.052089642641
103.264726756565
63.205329153605
177.594568380213
28.0626343260669
102.218570254725
77.7827447474296
62.6981919332406
58.0680570801317
103.100775193798
35.4321404456448
33.7792642140468
119.529411764706
---
all_households
585.0
692.0
568.0
758.0
641.0
987.0
771.0
630.0
825.0
712.0
744.0
770.0
854.0
683.0
953.0
647.0
775.0
708.0
675.0
600.0
828.0
782.0
653.0
630.0
750.0
781.0
1134.0
582.0
789.0
695.0
862.0
938.0
565.0
627.0
---
couple_household_with_dependent_children
46.0
132.0
54.0
145.0
141.0
78.0
68.0
112.0
73.0
96.0
166.0
145.0
59.0
146.0
100.0
120.0
135.0
78.0
65.0
184.0
61.0
122.0
138.0
135.0
68.0
92.0
154.0
99.0
142.0
150.0
74.0
105.0
114.0
105.0
---
couple_household_without_dependent_children
117.0
146.0
87.0
101.0
167.0
220.0
142.0
76.0
165.0
148.0
138.0
121.0
152.0
171.0
188.0
138.0
222.0
109.0
95.0
130.0
119.0
195.0
181.0
171.0
120.0
177.0
128.0
121.0
126.0
127.0
191.0
164.0
227.0
123.0
---
one_person_household
229.0
185.0
215.0
261.0
131.0
341.0
263.0
206.0
348.0
251.0
238.0
218.0
414.0
183.0
491.0
229.0
243.0
299.0
209.0
96.0
455.0
255.0
237.0
196.0
268.0
274.0
513.0
173.0
210.0
147.0
357.0
355.0
137.0
210.0
---
white
694.0
720.0
654.0
699.0
1220.0
1612.0
1053.0
776.0
1200.0
1228.0
1034.0
1258.0
843.0
1116.0
1065.0
1209.0
1342.0
769.0
635.0
429.0
1101.0
1026.0
1254.0
1388.0
889.0
1180.0
893.0
960.0
970.0
802.0
1373.0
1239.0
1214.0
861.0
---
mixed_multiple_ethnic_groups
104.0
79.0
131.0
89.0
72.0
143.0
131.0
104.0
95.0
78.0
91.0
117.0
83.0
62.0
92.0
65.0
70.0
61.0
146.0
75.0
76.0
94.0
59.0
29.0
129.0
129.0
178.0
68.0
140.0
118.0
89.0
104.0
23.0
90.0
---
asian_asian_british
153.0
854.0
75.0
906.0
440.0
141.0
86.0
238.0
169.0
116.0
232.0
147.0
580.0
437.0
412.0
61.0
281.0
534.0
108.0
1342.0
97.0
507.0
63.0
70.0
167.0
191.0
286.0
438.0
538.0
347.0
153.0
424.0
144.0
293.0
---
black_african_caribbean_black_british
213.0
130.0
322.0
302.0
109.0
210.0
469.0
245.0
185.0
119.0
314.0
358.0
84.0
56.0
228.0
143.0
27.0
216.0
700.0
181.0
149.0
92.0
20.0
96.0
525.0
235.0
929.0
135.0
361.0
650.0
115.0
279.0
50.0
260.0
---
united_kingdom
668.0
733.0
563.0
1186.0
1388.0
1460.0
1156.0
868.0
1070.0
976.0
1037.0
1464.0
711.0
1075.0
1086.0
1302.0
1197.0
900.0
961.0
1104.0
871.0
886.0
1060.0
1392.0
1137.0
972.0
1255.0
772.0
1219.0
1046.0
1130.0
1481.0
1292.0
902.0
---
not_united_kingdom
549.0
1097.0
683.0
863.0
517.0
695.0
619.0
705.0
622.0
606.0
794.0
451.0
928.0
634.0
734.0
186.0
573.0
743.0
682.0
1019.0
642.0
923.0
353.0
200.0
667.0
834.0
1139.0
933.0
924.0
1013.0
635.0
598.0
149.0
630.0
---
median_price
386250.0
230000.0
267000.0
185000.0
249950.0
298500.0
338500.0
641000.0
399950.0
375000.0
193750.0
176500.0
357500.0
232500.0
203000.0
235000.0
281250.0
370000.0
272500.0
250000.0
345000.0
220000.0
499950.0
182500.0
275000.0
310000.0
129125.0
315000.0
237500.0
212750.0
600000.0
217500.0
250000.0
245000.0
---
sales
10.0
7.0
7.0
8.0
19.0
28.0
15.0
11.0
29.0
31.0
22.0
10.0
70.0
14.0
27.0
15.0
32.0
9.0
4.0
11.0
13.0
25.0
27.0
20.0
17.0
12.0
2.0
15.0
20.0
12.0
33.0
14.0
18.0
21.0
---
economically_active_total
885.0
1076.0
814.0
903.0
949.0
1510.0
1174.0
672.0
990.0
974.0
1104.0
790.0
1121.0
951.0
1135.0
780.0
1126.0
672.0
907.0
983.0
823.0
1011.0
810.0
790.0
1057.0
1129.0
977.0
832.0
981.0
910.0
1149.0
1058.0
796.0
848.0
---
economically_inactive_total
184.0
360.0
217.0
526.0
429.0
346.0
270.0
390.0
372.0
293.0
294.0
419.0
357.0
315.0
322.0
279.0
324.0
584.0
365.0
517.0
384.0
372.0
248.0
285.0
370.0
381.0
674.0
500.0
578.0
478.0
328.0
479.0
295.0
327.0
---
economically_active_employee
564.0
749.0
594.0
565.0
715.0
1014.0
884.0
486.0
657.0
771.0
797.0
538.0
916.0
685.0
855.0
601.0
812.0
478.0
593.0
655.0
602.0
714.0
535.0
594.0
693.0
799.0
661.0
516.0
661.0
598.0
809.0
732.0
586.0
599.0
---
economically_active_self_employed
195.0
154.0
93.0
125.0
92.0
335.0
148.0
71.0
205.0
139.0
187.0
110.0
128.0
166.0
132.0
95.0
160.0
57.0
129.0
164.0
129.0
189.0
221.0
109.0
189.0
189.0
94.0
175.0
198.0
140.0
240.0
157.0
147.0
125.0
---
economically_active_unemployed
89.0
53.0
73.0
148.0
62.0
97.0
83.0
70.0
76.0
38.0
72.0
111.0
28.0
45.0
109.0
57.0
38.0
61.0
117.0
80.0
61.0
59.0
32.0
47.0
122.0
80.0
157.0
33.0
81.0
95.0
64.0
109.0
32.0
63.0
---
economically_active_full_time_student
37.0
120.0
54.0
65.0
80.0
64.0
59.0
45.0
52.0
26.0
48.0
31.0
49.0
55.0
39.0
27.0
116.0
76.0
68.0
84.0
31.0
49.0
22.0
40.0
53.0
61.0
65.0
108.0
41.0
77.0
36.0
60.0
31.0
61.0
---
employment_rate
71.0009354536951
62.883008356546
66.6343355965082
48.2855143456963
58.5631349782293
72.6831896551724
71.4681440443213
52.4482109227872
63.2892804698972
71.8232044198895
70.3862660944206
53.5980148883375
70.6359945872801
67.219589257504
67.741935483871
65.7223796033994
67.0344827586207
42.5955414012739
56.7610062893082
54.6
60.5633802816901
65.29284164859
71.4555765595463
65.3953488372093
61.8079887876664
65.4304635761589
45.7298606904906
51.8768768768769
55.0994227068634
53.1700288184438
71.0223425863236
57.839947950553
67.186067827681
61.6170212765957
---
unemployment_rate
10.0564971751412
4.92565055762082
8.96805896805897
16.3898117386489
6.5331928345627
6.42384105960265
7.06984667802385
10.4166666666667
7.67676767676768
3.90143737166324
6.52173913043478
14.0506329113924
2.49776984834969
4.73186119873817
9.60352422907489
7.30769230769231
3.37477797513322
9.07738095238095
12.8996692392503
8.1383519837233
7.41190765492102
5.83580613254204
3.95061728395062
5.94936708860759
11.5421002838221
7.0859167404783
16.0696008188332
3.96634615384615
8.25688073394496
10.4395604395604
5.57006092254134
10.3024574669187
4.02010050251256
7.42924528301887
---
no_qualifications
121.0
184.0
187.0
451.0
379.0
214.0
168.0
231.0
236.0
148.0
160.0
404.0
60.0
240.0
231.0
300.0
98.0
361.0
223.0
314.0
259.0
208.0
95.0
350.0
267.0
167.0
616.0
202.0
366.0
412.0
157.0
486.0
232.0
256.0
---
highest_level_of_qualification_level_1_qualifications
81.0
148.0
79.0
237.0
267.0
102.0
106.0
107.0
97.0
92.0
207.0
233.0
65.0
128.0
200.0
181.0
97.0
163.0
137.0
182.0
100.0
121.0
74.0
217.0
126.0
114.0
255.0
102.0
172.0
201.0
64.0
198.0
198.0
143.0
---
highest_level_of_qualification_level_2_qualifications
92.0
147.0
101.0
150.0
218.0
125.0
137.0
135.0
105.0
132.0
144.0
189.0
68.0
168.0
161.0
178.0
156.0
150.0
161.0
193.0
127.0
138.0
97.0
211.0
158.0
124.0
202.0
165.0
204.0
209.0
84.0
190.0
232.0
155.0
---
highest_level_of_qualification_apprenticeship
6.0
22.0
9.0
20.0
41.0
14.0
10.0
19.0
18.0
22.0
20.0
24.0
2.0
21.0
27.0
26.0
16.0
13.0
16.0
27.0
21.0
17.0
7.0
38.0
13.0
16.0
11.0
11.0
28.0
18.0
9.0
22.0
59.0
19.0
---
highest_level_of_qualification_level_3_qualifications
100.0
154.0
95.0
137.0
170.0
198.0
126.0
107.0
123.0
107.0
142.0
134.0
192.0
137.0
138.0
137.0
230.0
185.0
137.0
198.0
162.0
141.0
127.0
158.0
149.0
153.0
156.0
199.0
147.0
131.0
128.0
158.0
124.0
130.0
---
highest_level_of_qualification_level_4_qualifications_and_abov
575.0
572.0
391.0
331.0
298.0
1163.0
819.0
368.0
729.0
740.0
572.0
232.0
1006.0
569.0
648.0
281.0
810.0
339.0
476.0
505.0
537.0
660.0
689.0
235.0
666.0
755.0
357.0
581.0
497.0
327.0
976.0
506.0
306.0
394.0
---
day_to_day_activities_limited_a_lot
62.0
102.0
59.0
161.0
152.0
104.0
88.0
122.0
138.0
80.0
63.0
164.0
39.0
112.0
153.0
152.0
49.0
229.0
125.0
122.0
176.0
132.0
54.0
177.0
164.0
101.0
255.0
116.0
148.0
130.0
124.0
224.0
80.0
93.0
---
day_to_day_activities_limited_a_little
66.0
118.0
81.0
153.0
178.0
119.0
132.0
113.0
139.0
112.0
83.0
178.0
57.0
110.0
148.0
140.0
91.0
152.0
86.0
181.0
165.0
129.0
86.0
127.0
142.0
125.0
239.0
109.0
172.0
129.0
112.0
189.0
117.0
140.0
---
day_to_day_activities_not_limited
1089.0
1610.0
1106.0
1735.0
1575.0
1932.0
1555.0
1338.0
1415.0
1390.0
1685.0
1573.0
1543.0
1487.0
1519.0
1196.0
1630.0
1262.0
1432.0
1820.0
1172.0
1548.0
1273.0
1288.0
1498.0
1580.0
1900.0
1480.0
1823.0
1800.0
1529.0
1666.0
1244.0
1299.0
---
very_good_or_good_health
1061.0
1544.0
1053.0
1622.0
1527.0
1887.0
1510.0
1304.0
1368.0
1378.0
1616.0
1507.0
1507.0
1451.0
1480.0
1196.0
1605.0
1209.0
1391.0
1745.0
1149.0
1493.0
1250.0
1265.0
1465.0
1542.0
1780.0
1452.0
1759.0
1690.0
1531.0
1598.0
1217.0
1251.0
---
no_cars_or_vans_in_household
444.0
301.0
429.0
475.0
151.0
610.0
480.0
450.0
588.0
322.0
372.0
346.0
565.0
240.0
549.0
226.0
271.0
518.0
485.0
141.0
567.0
319.0
197.0
186.0
516.0
516.0
778.0
241.0
337.0
289.0
568.0
569.0
75.0
312.0
---
_1_car_or_van_in_household
118.0
288.0
122.0
249.0
272.0
322.0
248.0
157.0
206.0
314.0
318.0
320.0
258.0
325.0
346.0
283.0
372.0
161.0
159.0
277.0
227.0
356.0
354.0
278.0
208.0
228.0
313.0
212.0
326.0
312.0
237.0
313.0
237.0
246.0
---
_2_cars_or_vans_in_household
19.0
74.0
14.0
28.0
159.0
46.0
40.0
20.0
24.0
63.0
44.0
86.0
26.0
98.0
46.0
111.0
114.0
25.0
26.0
141.0
30.0
96.0
90.0
138.0
20.0
30.0
38.0
106.0
81.0
74.0
45.0
53.0
191.0
62.0
---
_3_cars_or_vans_in_household
3.0
21.0
2.0
6.0
38.0
6.0
3.0
3.0
5.0
9.0
8.0
16.0
4.0
18.0
10.0
19.0
15.0
1.0
3.0
32.0
2.0
9.0
9.0
18.0
4.0
6.0
3.0
17.0
42.0
16.0
10.0
3.0
45.0
6.0
---
_4_or_more_cars_or_vans_in_household
1.0
8.0
1.0
0.0
21.0
3.0
0.0
0.0
2.0
4.0
2.0
2.0
1.0
2.0
2.0
8.0
3.0
3.0
2.0
9.0
2.0
2.0
3.0
10.0
2.0
1.0
2.0
6.0
3.0
4.0
2.0
0.0
17.0
1.0
---
christian
425.0
705.0
687.0
619.0
998.0
824.0
796.0
822.0
693.0
897.0
903.0
1103.0
808.0
939.0
862.0
832.0
788.0
556.0
855.0
545.0
862.0
716.0
798.0
1022.0
745.0
672.0
1199.0
691.0
918.0
1098.0
693.0
874.0
911.0
740.0
---
buddhist
18.0
74.0
12.0
25.0
14.0
30.0
21.0
20.0
18.0
10.0
24.0
3.0
55.0
32.0
20.0
10.0
26.0
17.0
17.0
24.0
13.0
41.0
18.0
2.0
8.0
37.0
6.0
29.0
10.0
10.0
17.0
14.0
11.0
13.0
---
hindu
15.0
280.0
4.0
15.0
88.0
13.0
11.0
2.0
14.0
11.0
35.0
30.0
54.0
66.0
201.0
15.0
90.0
23.0
1.0
418.0
12.0
188.0
6.0
22.0
3.0
21.0
77.0
181.0
129.0
93.0
22.0
13.0
34.0
113.0
---
jewish
4.0
3.0
1.0
3.0
0.0
20.0
6.0
5.0
12.0
12.0
7.0
6.0
19.0
4.0
5.0
4.0
7.0
3.0
2.0
25.0
20.0
89.0
16.0
13.0
24.0
10.0
3.0
256.0
11.0
5.0
28.0
21.0
4.0
1.0
---
muslim
125.0
305.0
73.0
860.0
242.0
128.0
99.0
397.0
137.0
78.0
215.0
145.0
85.0
63.0
94.0
37.0
100.0
496.0
203.0
684.0
119.0
196.0
23.0
29.0
242.0
238.0
673.0
167.0
586.0
497.0
68.0
422.0
21.0
167.0
---
sikh
15.0
135.0
2.0
21.0
87.0
9.0
3.0
2.0
3.0
4.0
16.0
11.0
3.0
11.0
11.0
1.0
15.0
2.0
5.0
233.0
0.0
4.0
1.0
6.0
19.0
8.0
6.0
7.0
2.0
6.0
17.0
5.0
60.0
5.0
---
other_religion
12.0
12.0
10.0
7.0
7.0
22.0
12.0
6.0
9.0
8.0
9.0
4.0
14.0
18.0
26.0
5.0
16.0
5.0
4.0
9.0
13.0
42.0
5.0
10.0
10.0
11.0
3.0
10.0
9.0
1.0
8.0
5.0
3.0
0.0
---
no_religion
501.0
178.0
339.0
202.0
371.0
920.0
622.0
205.0
501.0
424.0
426.0
484.0
476.0
427.0
468.0
470.0
556.0
283.0
398.0
90.0
311.0
387.0
421.0
386.0
579.0
657.0
246.0
233.0
326.0
202.0
601.0
398.0
293.0
374.0
---

